id,0,1,2,subgroup
0,-0.020050615,0.005114969,-0.013469651,1
1,-0.018655434,0.0036636852,-0.013714455,1
2,-0.023526713,0.005179312,-0.015653916,1
3,-0.015084147,0.0047392994,-0.011705697,1
4,0.0009790212,-0.02026349,0.004753493,1
6,-0.009444356,-0.01704042,-0.0009141341,1
7,-0.017177552,0.005194504,-0.012777016,1
8,-0.0205013,0.0051923133,-0.014026441,1
10,0.004615888,-0.022696156,0.0067220703,1
11,-0.0025508255,-0.029413786,0.0064910203,1
12,-0.0037472993,-0.028534058,0.0057506263,1
13,0.0059313923,-0.021978106,0.00851997,1
14,-0.0017021745,-0.02519476,0.004500352,1
15,-0.023571715,0.0019670986,-0.015299305,1
16,-0.011584461,-0.015457008,-0.0026066676,1
17,3.3915043e-05,-0.028412085,0.0074870586,1
19,0.0036839247,-0.027189467,0.007182665,1
21,-0.01730971,0.004606813,-0.0126485005,1
22,-0.0033517033,-0.028588798,0.005274631,1
23,-0.020766139,0.003975425,-0.013933703,1
25,-0.023409307,0.0038670637,-0.015522674,1
26,0.00097204745,-0.01593243,0.0035823733,1
27,-0.019823,0.0034428388,-0.014201663,1
28,-0.020993397,0.0052195266,-0.014230624,1
30,-0.0031629354,-0.025642406,0.004573174,1
31,-0.005562991,-0.019827913,0.0007734224,1
32,0.004325673,-0.024162475,0.008571245,1
33,-0.0038702637,-0.027193267,0.0041864067,1
34,-0.002306968,-0.027174052,0.0059397146,1
35,0.004239723,-0.023343045,0.007094994,1
36,0.0034418106,-0.021726806,0.005581565,1
37,0.004539728,-0.024371397,0.009535685,1
38,-0.0074625313,-0.02964839,0.004986912,1
40,-0.0031992942,-0.019013185,0.0023606867,1
41,-0.0014360249,-0.02471551,0.006498821,1
42,-6.733835e-05,-0.0069586746,0.0031961873,1
44,-0.019457936,0.0055837445,-0.012885742,1
45,-0.020887002,0.004157778,-0.01429788,1
46,0.0027914792,-0.025343496,0.008578204,1
48,-0.004772499,-0.028917272,0.00578171,1
49,-0.0072142184,-0.020317446,0.0013697892,1
50,0.0048140436,-0.023558263,0.007701248,1
51,-0.0072191954,-0.017858442,0.00028172135,1
53,-0.01772438,0.006508611,-0.013696529,1
54,-0.010784522,0.0055820383,-0.010634758,1
55,0.0045597255,-0.017268967,0.006578706,1
57,-0.0044012517,-0.02907322,0.005431846,1
58,0.002636522,-0.026732225,0.007504478,1
59,-0.004523456,-0.017535519,0.0012633577,1
63,0.0007798821,-0.020636987,0.004685916,1
64,-0.002948448,-0.025252353,0.0044493154,1
65,0.0029501617,-0.0235936,0.0074357316,1
66,-0.015887007,0.007241305,-0.011998966,1
68,-0.0012909174,-0.025464933,0.00589858,1
69,0.0037451535,-0.022960845,0.007354535,1
70,0.0021473318,-0.024828728,0.006090291,1
72,0.003438145,-0.014498975,0.0041280314,1
73,-0.0009429455,-0.011850785,0.0032346547,1
75,-0.019739524,0.008661531,-0.01555109,1
76,0.002576083,-0.024818849,0.0069558546,1
77,-0.020962536,0.007995632,-0.014085434,1
80,-0.021817937,0.0053849034,-0.013983093,1
81,0.00040081143,-0.026265483,0.0067774802,1
82,0.005701378,-0.025389489,0.007713616,1
83,-0.008652613,-0.014486726,-0.000354968,1
85,-0.021053806,0.003930941,-0.013252586,1
87,-0.015280262,0.00653011,-0.011375539,1
88,-8.845329e-05,-0.023010988,0.005506441,1
90,0.0034518242,-0.028562266,0.008417204,1
93,0.00586614,-0.02543353,0.009793036,1
94,-0.012306333,-0.018274266,-0.0015196577,1
95,0.0020124912,-0.029461708,0.008110099,1
97,-0.02279611,0.0064136013,-0.014588475,1
98,-0.01086396,-0.010945182,-0.0022660047,1
100,-0.017944679,0.0044575483,-0.013382375,1
101,-0.012083277,0.005955953,-0.0105016455,1
103,-0.0039640516,-0.029399943,0.0059054047,1
104,-0.019995198,0.0062679723,-0.014026664,1
105,-0.022017345,0.005326703,-0.016235769,1
106,-0.001740545,-0.026576925,0.0065704808,1
107,-0.0036403537,-0.026711162,0.005693458,1
109,-0.020693958,0.004210774,-0.0140554905,1
112,0.0014645904,-0.027864035,0.0077463686,1
113,-0.02080445,0.006828107,-0.014560625,1
114,-0.0026306063,-0.008716684,0.0010174811,1
115,-0.007887244,-0.022940952,0.0010897964,1
116,-0.005430281,-0.027941879,0.005250007,1
117,-0.00043919683,-0.013772022,0.0025971904,1
119,-1.1071563e-05,-0.024005238,0.0056859404,1
121,-0.004539028,-0.029469576,0.0060277134,1
123,0.0009339452,-0.026229348,0.00825613,1
125,-0.020546243,0.006576795,-0.015473656,1
126,4.3064356e-06,-0.019254532,0.0054025054,1
127,-0.020213678,0.005159918,-0.014671765,1
128,-0.001116544,-0.026528303,0.0058865324,1
130,-0.011044711,0.005061984,-0.009549879,1
132,0.0016565025,-0.024358708,0.005685337,1
133,-0.003932297,-0.02579936,0.005602151,1
134,-0.000101834536,-0.017462742,0.002941288,1
135,-0.0056599528,-0.028933574,0.004143372,1
136,-0.017649576,0.0046158247,-0.012630925,1
137,-0.0030353963,-0.023939785,0.004698366,1
138,-0.00013765693,-0.01619171,0.003909923,1
139,0.0016518533,-0.021736976,0.005020499,1
140,-0.025278956,0.004672695,-0.016387142,1
142,-0.02028662,0.0041241646,-0.013814837,1
143,0.00059239566,-0.019877385,0.0032756478,1
145,-0.01830469,0.0054859594,-0.012843199,1
146,-0.018589586,0.007344343,-0.013673022,1
147,-0.020492926,0.0033203326,-0.012496002,1
148,-0.0016211569,-0.026909921,0.006355889,1
150,-0.003913179,-0.028721925,0.006185189,1
153,-0.017288223,0.0051986054,-0.013641827,1
155,-0.018250152,0.0019594878,-0.013564497,1
156,-0.0037113428,-0.022305187,0.0023724586,1
157,-0.001690343,-0.022165675,0.004275836,1
160,0.0012205839,-0.025746677,0.0076755956,1
161,-0.021212652,0.0063779913,-0.014810815,1
162,0.0016124994,-0.023408826,0.004773453,1
163,-0.003216654,-0.034124088,0.0066313148,1
164,-0.018967941,0.002215024,-0.012758926,1
165,-0.019858286,0.0067426786,-0.0137960315,1
166,-0.018897668,0.0040082857,-0.013408892,1
167,-0.017561108,0.004823342,-0.011871323,1
168,-0.0064238906,-0.03250399,0.006162107,1
170,-0.002363503,-0.009538371,0.0023793876,1
171,0.00012414157,-0.027417827,0.0065301135,1
173,0.0018716604,-0.028891575,0.007833831,1
174,-0.020282075,0.005610615,-0.012670688,1
175,0.0022176653,-0.012237612,0.0026763454,1
176,-0.0040540397,-0.028339844,0.0057200044,1
177,-0.021312535,0.0052714795,-0.015053228,1
178,0.001658082,-0.021990102,0.0059817582,1
181,4.87566e-05,-0.008241672,0.0029199943,1
183,-0.019857138,0.008627944,-0.014398947,1
185,-0.021203175,0.0042919666,-0.013743199,1
187,-0.0035227835,-0.025698353,0.0047192723,1
188,-0.020632222,0.00594189,-0.015449308,1
189,0.005431056,-0.026647206,0.010027453,1
190,-0.020019844,0.006830793,-0.014968842,1
191,-0.022403225,0.006403476,-0.014951453,1
192,-0.022585839,0.0027035512,-0.014405072,1
194,-0.0020613521,-0.0250328,0.0049954057,1
195,-0.024300352,0.0025564358,-0.016359195,1
196,-0.011183709,-0.018387679,-0.0008354485,1
198,-0.0017327219,-0.026058499,0.005801432,1
199,-0.0068539083,-0.025998872,0.0047367737,1
200,0.004384622,-0.028122876,0.010766648,1
201,-0.017968476,0.008504689,-0.015020855,1
202,-0.002476424,-0.026212808,0.0056270435,1
203,-0.022028923,0.006478004,-0.013760477,1
204,-0.0013083518,-0.03086849,0.006683551,1
207,-0.010832667,-0.021523733,0.00054486096,1
209,-0.021727204,0.0044178627,-0.013583362,1
210,0.0034443438,-0.025610175,0.009288058,1
214,0.0020636022,-0.016226906,0.0037930384,1
215,0.001951769,-0.020535726,0.005558796,1
217,-0.02269271,0.0019455776,-0.014612079,1
218,0.0022118092,-0.026752401,0.007624343,1
220,0.0010232627,-0.024527702,0.00769569,1
221,-0.022672087,0.001381848,-0.014406957,1
222,-0.020484284,0.004890427,-0.013404444,1
223,-0.021955222,0.0053681955,-0.014636464,1
226,-0.0021446943,-0.009145524,0.0024221987,1
227,-0.024119094,0.0032656826,-0.016352035,1
230,0.00047276914,-0.027489435,0.0074428916,1
231,0.0012046844,-0.026162092,0.007052541,1
232,0.0036140978,-0.02747294,0.0066616386,1
234,-0.00040772557,-0.02717911,0.0061066896,1
237,-0.0032963902,-0.028501157,0.0056527033,1
238,-0.0038864315,-0.029451516,0.0057460293,1
240,-0.0057046413,-0.028169665,0.00486701,1
241,-0.01982893,0.005402159,-0.01532501,1
242,-0.0036686212,-0.03117789,0.0058403164,1
243,0.0016105026,-0.023421485,0.0055133402,1
246,-0.018510923,0.008832835,-0.013554901,1
248,-0.0074124187,-0.018741656,-5.9604645e-08,1
249,-0.0095549375,0.0059506744,-0.008626275,1
250,-0.016415074,0.0060518347,-0.01266066,1
251,-0.021513805,0.0028444827,-0.014095992,1
252,-0.003823191,-0.028999005,0.006480366,1
253,-0.012880206,-0.02021816,-4.351139e-06,1
254,-0.020752609,0.0027449317,-0.013737045,1
256,-0.01821579,0.0048874803,-0.013114609,1
257,-0.0058824867,-0.029567797,0.0050544143,1
258,-0.017506525,0.003952123,-0.012251988,1
260,-0.005310893,-0.01954845,0.0032905862,1
262,0.0027255714,-0.02339485,0.008126065,1
263,-0.0020255595,-0.028202135,0.0068668127,1
266,-0.0026496202,-0.02990723,0.0069391876,1
269,-0.021235704,0.0073636137,-0.014693908,1
270,-0.0005557537,-0.01680139,0.0038457066,1
272,0.0038891137,-0.028736103,0.010406844,1
274,-0.009085953,-0.021040585,0.00032613426,1
276,-0.0134103,-0.019123208,-0.001806967,1
277,-0.022609055,0.0036307946,-0.014873855,1
279,-0.01263158,-0.01926085,-0.0010463595,1
281,-0.010217458,-0.020729888,-0.000262551,1
284,0.0046687126,-0.014607724,0.0050412416,1
285,-0.021370858,0.004125651,-0.014029406,1
286,-0.007553965,-0.01087467,-0.0010022596,1
288,-0.008915573,-0.018648777,-0.0002975911,1
292,-0.008201942,-0.024492491,0.0028893277,1
294,-0.002374351,-0.023884106,0.004526727,1
295,-0.0042387694,-0.026986305,0.0054155737,1
298,-0.020341933,0.0056029707,-0.014413461,1
300,-0.0034237504,-0.026392724,0.0053503662,1
302,-0.022016525,0.006018739,-0.014449663,1
303,-0.0046981573,-0.01929513,0.0033681542,1
304,0.0006021559,-0.021555256,0.005538292,1
307,-0.001980573,-0.027501713,0.0077876598,1
309,0.0016444027,-0.02685674,0.00816986,1
314,0.0015323311,-0.0234407,0.006494947,1
315,-0.025367483,0.0020143613,-0.014921293,1
320,-0.022281095,0.0030069351,-0.0145020485,1
321,-0.016181394,0.0064242147,-0.013176881,1
322,0.0007829517,-0.024007913,0.0055668503,1
323,-0.022069976,0.0061714947,-0.014672473,1
324,-0.0028119087,-0.019404452,0.003530763,1
327,-0.011907876,-0.014190163,-0.0019772723,1
331,-0.01618144,0.004013162,-0.01285205,1
333,-0.007286653,-0.019986603,0.00044047832,1
334,-0.024585783,0.0054499395,-0.01660207,1
336,-0.02149041,0.0051386915,-0.014170617,1
337,-0.0049532205,-0.031976957,0.006461747,1
338,0.0007760674,-0.024825234,0.006013967,1
341,0.0027806163,-0.02871659,0.008195519,1
343,-0.002773419,-0.027294863,0.005785547,1
345,-0.019095019,0.003545072,-0.014273986,1
348,-0.017105818,0.006204795,-0.014466554,1
350,0.0013880432,-0.024257082,0.0070460364,1
354,-0.01908952,0.0048319846,-0.01411178,1
355,-0.018288746,0.00423469,-0.012604699,1
356,-0.02370347,0.005739294,-0.016481481,1
360,-0.020879507,0.0033933409,-0.014189497,1
361,0.0063764006,-0.011436399,0.0054392368,1
362,-0.006455317,-0.030343879,0.0049050376,1
363,-0.00024083257,-0.02593365,0.0077830926,1
364,-0.0011263639,-0.009314258,0.0023704246,1
366,-0.019970834,0.006421596,-0.014115773,1
368,-0.0073248893,-0.01938532,0.00062541664,1
369,-0.021405652,0.0054590143,-0.014111206,1
370,-0.020937726,0.005256314,-0.014168203,1
371,0.004437804,-0.02486929,0.007140778,1
374,-0.0018264353,-0.020534258,0.0033194125,1
375,-0.018650204,0.0052384175,-0.0144516975,1
378,-0.0024042875,-0.011942159,0.002206266,1
379,0.0026181191,-0.026756976,0.0073825493,1
380,-0.0012139678,-0.019750621,0.0032668486,1
386,-0.010259137,-0.02236953,0.00024437904,1
387,-0.010081112,-0.018666688,-0.00034879893,1
388,0.0025399625,-0.013729196,0.004338436,1
389,-0.0065169483,-0.022614244,0.0024015158,1
390,0.0008994192,-0.02876624,0.0070567206,1
391,-0.0051084757,-0.023952585,0.004047431,1
394,-0.0015204549,-0.028822396,0.008043937,1
396,-0.010672182,0.00514045,-0.009964749,1
397,-0.010598689,0.0050838627,-0.00986249,1
398,-0.02116479,0.004280437,-0.015735582,1
399,0.00053828955,-0.024611954,0.006309122,1
400,-0.0061413646,-0.020746801,0.00075445324,1
407,-0.009693608,-0.02091958,0.00037372112,1
409,0.0010150224,-0.028379325,0.0073743463,1
411,-0.018943429,0.00558573,-0.01439549,1
412,0.0039771646,-0.024050932,0.007846743,1
413,0.00144808,-0.027852777,0.008722998,1
414,0.0028508604,-0.02692533,0.008766688,1
416,0.0019104183,-0.0097185485,0.0022901967,1
420,-0.004364446,-0.02909049,0.0055423155,1
421,-0.001140967,-0.025110785,0.0061172917,1
424,0.00046806037,-0.025427636,0.005767204,1
425,0.0004644692,-0.021206845,0.004922278,1
426,-0.013743475,0.0050314553,-0.012231663,1
427,-0.021962479,0.0038073026,-0.01507438,1
429,-0.019658819,0.0028461814,-0.013414703,1
430,-0.016465232,0.0041425377,-0.013395369,1
431,0.0077102184,-0.023215186,0.009006016,1
433,-0.01845856,0.0059176832,-0.013860427,1
434,-0.005112618,-0.016614232,0.0012641773,1
436,-0.020757943,0.007132292,-0.014399774,1
437,-0.018987194,0.006540235,-0.013535731,1
438,-0.010455221,-0.017090824,-0.0006576106,1
440,-0.0002860576,-0.025705058,0.007131271,1
442,-0.017358407,0.004580274,-0.012150764,1
443,0.002317652,-0.026326295,0.0061864257,1
445,-0.0048107654,-0.024669494,0.0044862255,1
446,-0.0054665506,-0.019307714,0.0012767538,1
449,0.0061486512,-0.01921596,0.0059996173,1
450,-0.00906764,-0.02151763,0.00024306029,1
451,-0.009952098,-0.018435989,-7.556379e-05,1
453,-0.013205454,-0.019477796,-0.0014411807,1
455,0.0007144213,-0.02430227,0.0061788037,1
456,-0.024193197,0.0079615265,-0.0153365135,1
457,-0.010822758,-0.018305507,-0.000723511,1
459,-0.005022511,-0.020790804,0.0016360581,1
460,-0.012724817,-0.01838782,-0.001294598,1
461,0.00087453425,-0.024386745,0.006426409,1
462,-0.0024276674,-0.022141624,0.0040030926,1
464,-0.00091823936,-0.027211163,0.0054049417,1
465,-0.0011627674,-0.026999664,0.0061760396,1
466,-0.005778253,-0.027422335,0.004785143,1
469,0.0029029548,-0.017621305,0.004915893,1
470,-0.019215629,0.0052602515,-0.013684124,1
471,-0.018418819,0.0060384013,-0.013435528,1
472,0.00066670775,-0.0106834285,0.0038107336,1
473,-0.0025262535,-0.02766518,0.0065448806,1
477,-0.010554448,-0.023225304,-0.0007953197,1
478,-0.020935878,0.004862614,-0.015926287,1
479,-0.01761894,0.00576004,-0.013347261,1
480,0.002601564,-0.013770442,0.0037466884,1
481,0.0048641115,-0.025299165,0.009360343,1
482,-0.0037310421,-0.025231231,0.0051514283,1
483,-0.0038188398,-0.026703406,0.00659319,1
485,0.0016053766,-0.019069593,0.0043790713,1
486,-0.016789362,0.0053148083,-0.012439668,1
487,-0.011580214,-0.016167667,-0.0019330308,1
492,-0.009632722,-0.021216173,0.00037312508,1
493,0.0052161664,-0.021431807,0.0069405586,1
494,-0.005681962,-0.029679883,0.0057936013,1
495,-0.020623878,0.006442204,-0.014943764,1
497,-0.022245869,0.0035089888,-0.014556609,1
501,-0.021519229,0.0077752806,-0.015312232,1
502,-0.0011035502,-0.025780905,0.0048156604,1
503,-0.008986101,-0.020738486,-0.00031421334,1
504,-0.0067430586,-0.018184494,0.0010792986,1
505,-0.018961787,0.006626617,-0.013725184,1
507,-0.020659953,0.004103042,-0.013597898,1
510,0.0019174516,-0.012661282,0.004216954,1
511,-0.0050948113,-0.027682263,0.005968854,1
513,5.6639314e-05,-0.025008257,0.007849276,1
514,0.003980845,-0.023405556,0.0069578514,1
518,-0.0012689233,-0.028822858,0.008638173,1
520,-0.016983256,0.00728745,-0.012321763,1
521,-0.0059677213,-0.028623242,0.0045067295,1
522,-0.020069733,0.0048686787,-0.013861656,1
523,-0.015628397,0.0074400157,-0.011669576,1
524,0.0018396378,-0.022930052,0.0050794557,1
525,-0.010531694,-0.020849701,-0.0006512031,1
526,-0.0040359944,-0.018525932,0.0017004758,1
527,-0.021382183,0.0031357296,-0.014776148,1
530,-0.019353718,0.0040837824,-0.0142751485,1
531,-0.0014184564,-0.011340994,0.0025703162,1
532,0.0043756813,-0.014187109,0.00587447,1
535,-0.02054374,0.008332185,-0.01422479,1
536,-0.020875618,0.0050562955,-0.013994046,1
537,-0.0024154782,-0.027456466,0.006680608,1
540,-0.0035425723,-0.028821256,0.006153792,1
541,0.0032728612,-0.024390329,0.0059739575,1
544,-0.02344364,0.0021168254,-0.014713831,1
548,-0.016249076,0.007945932,-0.012154482,1
550,0.0057313293,-0.021433901,0.0072582513,1
552,-0.013653681,0.0074401945,-0.011550806,1
553,-0.021090493,0.003052149,-0.01490327,1
554,-0.009985834,-0.019455273,-0.00053168833,1
555,0.005156189,-0.02246276,0.0058416724,1
556,-0.001094833,-0.026567202,0.0073453337,1
560,-0.004397601,-0.019496854,0.0033385009,1
561,-0.018464252,0.007900447,-0.012903169,1
567,0.0001758933,-0.021802131,0.0051615834,1
569,-0.003830567,-0.015289452,0.0023698658,1
570,-0.022101283,0.006146509,-0.01482226,1
572,-0.008807898,-0.014534909,-0.00072615594,1
574,-0.00065517426,-0.027340803,0.0077852234,1
575,-0.0030636191,-0.00899322,0.0010586828,1
577,-0.007935628,-0.02886327,0.0044714734,1
578,-0.018836662,0.007374257,-0.01472266,1
579,-0.02285853,0.008188438,-0.015489958,1
581,0.001289174,-0.029454906,0.0064830557,1
584,-0.0011390597,-0.012600068,0.0027264059,1
586,-0.019874632,0.007953744,-0.015943028,1
589,0.0047626495,-0.022967968,0.0072388873,1
590,0.004592389,-0.025319051,0.007814273,1
592,-0.0013618022,-0.022515703,0.004938163,1
593,-0.0037101954,-0.023804907,0.0050766766,1
594,0.004409641,-0.02292667,0.0067962557,1
595,-0.009249687,-0.018026996,-0.00066832453,1
597,-0.02088067,0.0041147918,-0.013368465,1
599,0.004069552,-0.021635737,0.0064005703,1
600,0.0026699007,-0.026566003,0.009358607,1
604,-0.0034877062,-0.032134388,0.006529756,1
605,-0.0183938,0.007912993,-0.014956087,1
606,0.002967,-0.011810649,0.005264938,1
607,0.0018892437,-0.025540832,0.0062790886,1
608,0.0014754236,-0.021482315,0.0057069883,1
611,-0.0035872757,-0.026836257,0.0056090504,1
612,-0.017365173,0.006601047,-0.012544945,1
614,0.0022467673,-0.022948261,0.007495053,1
616,-0.0029159337,-0.025730047,0.005844921,1
617,-0.0007223636,-0.02710012,0.0064950436,1
618,-0.008839026,-0.027711626,0.004498273,1
619,-0.0076217502,-0.028604452,0.004290439,1
621,-0.027859017,0.0017872639,-0.017038919,1
622,-0.019511163,0.005706899,-0.013138965,1
623,-0.0019458532,-0.024776068,0.005746633,1
624,0.00280267,-0.024356727,0.006156601,1
625,-0.019232035,0.005039409,-0.015025616,1
626,-0.018189639,0.0067051835,-0.014324978,1
629,-0.006200984,-0.030184526,0.005712703,1
633,0.0015468299,-0.017016198,0.004509479,1
634,0.0007108301,-0.028468076,0.0072567835,1
635,-0.0038266927,-0.029565323,0.005474873,1
637,0.005106792,-0.024324615,0.008175023,1
638,0.0030457675,-0.015956234,0.0036519691,1
640,-0.02237454,0.006419126,-0.01467517,1
642,-0.018715099,0.004790291,-0.012660228,1
643,0.002224639,-0.023001757,0.0062977895,1
645,-0.0030216724,-0.028947953,0.0063211843,1
648,-0.0071300715,-0.028069329,0.005506791,1
649,-0.008884206,-0.016037468,-0.0013470352,1
650,-0.01668647,0.006933477,-0.012486093,1
651,-0.020134002,0.003026083,-0.012975223,1
652,-0.0065021664,-0.023582663,0.0038466454,1
653,-0.0006712526,-0.023872707,0.0058536828,1
654,0.0007944554,-0.025553752,0.005041063,1
655,0.0029025674,-0.021401186,0.0061609894,1
656,-0.00053974986,-0.02120537,0.006076783,1
657,-0.0007312745,-0.025975984,0.0057209656,1
659,-0.02459371,0.003277991,-0.015456408,1
660,-0.01833409,0.009310525,-0.0143440515,1
661,-0.021152705,0.0052780434,-0.014541678,1
662,-0.0022352785,-0.023775559,0.004631445,1
663,-0.0026561022,-0.014630217,0.0018243268,1
664,-0.014925852,0.006825026,-0.011663377,1
665,0.0020640045,-0.021873835,0.0048322454,1
666,-0.018364921,0.0076358467,-0.013775066,1
667,-0.012084678,-0.019411061,-0.0021347478,1
669,-0.0007775724,-0.024676967,0.005235292,1
671,-0.0010463148,-0.027916994,0.00639382,1
672,3.439188e-05,-0.011761438,0.0024443269,1
673,-0.0189123,0.0057532564,-0.012568787,1
674,-0.02340807,0.005968895,-0.016193017,1
677,-0.0024606884,-0.02493244,0.0037879571,1
679,-0.018759444,0.0053393953,-0.013521396,1
680,-0.020032063,0.008146744,-0.014859825,1
681,-0.019417375,0.006193526,-0.013545774,1
682,-0.016819462,0.0059438795,-0.01287014,1
683,-6.264448e-05,-0.024934884,0.005673997,1
684,-0.010342687,-0.015614305,-0.0019261837,1
685,-0.022211522,0.0011389442,-0.014887601,1
686,-0.017145246,0.0043318085,-0.012198947,1
687,0.0026858747,-0.02284154,0.006540045,1
688,-0.013470188,0.006696958,-0.011363998,1
689,-0.008408323,-0.028489705,0.005387895,1
690,-0.020726651,0.0034313165,-0.013872124,1
692,-0.0043375045,-0.025134202,0.003724724,1
693,0.0013463199,-0.026410613,0.006517634,1
694,0.0021951348,-0.015913408,0.00446593,1
696,-0.0051087737,-0.025353063,0.0041050687,1
697,-0.0032998323,-0.029778916,0.0069208667,1
698,-0.00024035573,-0.019604724,0.0037019849,1
700,0.004383564,-0.023742337,0.0075988173,1
701,0.0016356856,-0.02171735,0.006308511,1
702,-0.020223305,0.004650209,-0.014174551,1
703,0.003483951,-0.02089018,0.006279543,1
704,-0.008039102,-0.019811776,-0.00011923909,1
705,0.0014567226,-0.02287409,0.006005995,1
706,0.0055205524,-0.023362812,0.007682301,1
707,0.0030989945,-0.028212499,0.0075936243,1
708,0.0057213753,-0.020106826,0.007014498,1
710,0.0037785023,-0.024321143,0.0067384616,1
711,-0.0043343008,-0.020575847,0.0028294176,1
712,-0.015644476,0.007025987,-0.013117865,1
713,0.005250007,-0.017413024,0.007043533,1
714,-0.0035015047,-0.028596137,0.0057722703,1
716,-0.006283194,-0.027950834,0.0044620186,1
717,-0.02171503,0.004398927,-0.014604002,1
718,-0.02072768,0.0010369308,-0.014127426,1
720,-0.01289916,-0.015935417,-0.002961725,1
723,0.0036780536,-0.022308055,0.005798459,1
725,8.7201595e-05,-0.022864152,0.0052722692,1
726,0.0032366961,-0.025713015,0.0067460835,1
728,-0.0069496185,-0.026349138,0.0030134246,1
729,-0.0032295734,-0.027090069,0.005221404,1
730,0.00040145218,-0.0287578,0.010002874,1
733,-0.0005645752,-0.024738062,0.0060432106,1
735,-0.0023065507,-0.022698674,0.0038480759,1
736,0.0017847717,-0.028064098,0.0072989687,1
737,0.00550507,-0.02127846,0.0070464686,1
738,-0.004378721,-0.018751498,0.0013959333,1
739,-0.0029495955,-0.030255403,0.0058025047,1
740,-0.020200029,0.003617715,-0.013798729,1
741,-0.020127133,0.0044886395,-0.013289258,1
742,-0.018219993,0.007602364,-0.013354346,1
743,-0.024187282,0.0038438328,-0.014852285,1
744,-0.0019277632,-0.025387522,0.0059513375,1
745,-0.00046110153,-0.02845585,0.007294774,1
749,0.00031867623,-0.0237859,0.0039185286,1
750,0.0041030645,-0.019753229,0.005679868,1
751,0.0023772568,-0.024416748,0.0059971735,1
752,-0.0056227446,-0.031623434,0.007293798,1
753,-0.004820466,-0.025122378,0.0033979714,1
754,-0.005372748,-0.028137442,0.0044168904,1
755,-0.018385276,0.0056821555,-0.014484994,1
758,0.00294137,-0.024365056,0.0073373616,1
759,-0.022697553,0.0035388768,-0.014956892,1
760,-0.0014922172,-0.029052678,0.007606901,1
762,-0.012369975,-0.021509636,-0.0012925267,1
765,0.004108563,-0.019942682,0.0068242997,1
766,-0.0116157085,0.0071057975,-0.010109596,1
768,-0.012427047,-0.017566297,-0.0018561184,1
769,-0.0033796728,-0.030933853,0.0055604056,1
772,-0.021548077,0.007318463,-0.015201189,1
775,-0.0229979,0.0032703616,-0.014729686,1
776,-0.0016302615,-0.027745854,0.005934961,1
777,-0.0022141635,-0.025236797,0.0044901073,1
778,0.0035044998,-0.023136597,0.0065909624,1
780,-0.0045836717,-0.026682343,0.0050241128,1
781,-0.0050622374,-0.026891757,0.004572384,1
782,-0.00754191,-0.030660305,0.005175635,1
784,-0.013101414,0.0059200525,-0.011554733,1
785,-0.0007394105,-0.022418987,0.002968125,1
786,-0.021400958,0.003918983,-0.013561986,1
787,-0.018254727,0.00780176,-0.013527356,1
788,-0.023321211,0.0073289983,-0.015249781,1
789,-0.015730157,0.0075747855,-0.012182832,1
790,-0.0024199188,-0.024748784,0.006403342,1
791,0.0023848861,-0.030239072,0.009748839,1
792,0.0031976253,-0.023943555,0.0073145702,1
793,-0.02164255,0.0039654523,-0.014051609,1
794,-0.017862275,0.0077908263,-0.014495164,1
795,0.0008767545,-0.027326945,0.008213617,1
797,-0.021560565,0.005213119,-0.014127828,1
798,-0.012276888,-0.030425627,0.0035932362,1
800,-0.02036585,0.005500678,-0.014968924,1
801,-0.023058996,0.0059261657,-0.0155967325,1
802,-0.019692317,0.004601244,-0.014357202,1
805,-0.0037709177,-0.027261127,0.005398318,1
806,-0.017549321,0.006542187,-0.014114328,1
807,0.0038994849,-0.01440775,0.004172951,1
808,-0.016948357,0.0050054453,-0.012516931,1
809,-0.0060371906,-0.028288621,0.0058548003,1
810,-0.0038226843,-0.02644911,0.0048034787,1
813,0.0014384389,-0.027701292,0.007887535,1
814,-0.020950034,0.008062299,-0.014137059,1
816,0.00577873,-0.023216907,0.0072240084,1
817,-0.02196391,0.007841095,-0.014788553,1
820,0.0027127862,-0.022337873,0.006752223,1
824,-0.019765198,0.0037644543,-0.014665827,1
827,-0.019318849,0.004197549,-0.014687739,1
828,-0.024980411,0.005575549,-0.01645951,1
829,-0.02202946,0.004432317,-0.015224934,1
830,-0.0024602413,-0.025060225,0.005039051,1
832,0.00068344176,-0.020378511,0.004425317,1
833,0.0024853647,-0.02257422,0.0052523464,1
835,-0.0036887378,-0.028143752,0.0063566417,1
836,-0.016083121,0.008837175,-0.013944484,1
837,0.00029332936,-0.023999427,0.007946625,1
841,-0.019721955,0.002101075,-0.012855969,1
843,-0.016029045,0.008061901,-0.012181975,1
844,-0.018719211,0.005327929,-0.013159066,1
846,-0.020793736,0.0021915846,-0.01377102,1
850,-0.0074017495,-0.027501535,0.004613757,1
855,-0.0018375963,-0.028082874,0.0063757226,1
862,-0.0244658,0.0058545657,-0.01622206,1
864,-0.0050056875,-0.028968338,0.005527988,1
865,-0.0064469725,-0.027690802,0.0037913844,1
867,0.0032516718,-0.019567829,0.0056319907,1
869,-0.022681966,0.0048186034,-0.014972031,1
891,-0.021647483,0.004288722,-0.014518015,1
895,0.0016786456,-0.023677897,0.0067058206,1
896,-0.006158501,-0.029663038,0.0045089573,1
897,-0.001600802,-0.026850615,0.0055522174,1
901,-0.023969665,0.0054237023,-0.015087992,1
905,0.002121076,-0.011975955,0.00526724,1
906,-0.008866623,-0.016677167,0.00032491237,1
907,-0.018233806,0.005226683,-0.012602642,1
910,0.0024805218,-0.01587702,0.004618302,1
911,-0.005019814,-0.028004978,0.0047527403,1
912,0.001224041,-0.025343772,0.008307047,1
914,0.0035107434,-0.024198342,0.006767161,1
915,-0.022580087,0.006674908,-0.0146157965,1
916,0.002315402,-0.013871279,0.005444616,1
918,-0.022102624,0.00778627,-0.015155375,1
919,-0.0021421313,-0.008058447,0.0016996264,1
920,-0.0031733513,-0.009214807,0.0005733296,1
921,0.00073057413,-0.023149911,0.005096033,1
922,-0.0040109605,-0.008123364,0.0012770444,1
923,0.0059889406,-0.021817837,0.007568009,1
924,-0.0013497472,-0.023612347,0.004535675,1
925,-0.000945732,-0.024692435,0.0050285906,1
926,0.0028353631,-0.023388755,0.0075316057,1
927,-0.021576613,0.0037391484,-0.014614753,1
928,-0.0128040165,0.006151814,-0.010611758,1
929,0.002454266,-0.01315375,0.0040069744,1
930,0.0027635396,-0.027010929,0.007926479,1
931,-0.0144072175,0.004067898,-0.011441305,1
935,-0.008825719,-0.03405672,0.0052658916,1
938,0.0025778264,-0.022982832,0.0071040913,1
939,0.0036944896,-0.024328772,0.00601615,1
941,-0.017288372,0.0057498366,-0.013853326,1
20,-0.017543942,-0.01568212,-0.0038741305,1
29,-0.01935935,-0.014072824,-0.005551532,1
61,-0.023777455,-0.016535085,-0.0068581253,1
74,-0.01962851,-0.020119991,-0.0049748793,1
79,-0.022767484,-0.024538253,-0.004474722,1
96,-0.024197415,-0.015905466,-0.0072357133,1
110,-0.020398661,-0.020784985,-0.00508938,1
111,-0.017675117,-0.017376933,-0.003538929,1
124,-0.018778339,-0.0203438,-0.003588654,1
152,-0.018545985,-0.01900601,-0.0037283823,1
182,-0.014892742,-0.0126558505,-0.0050601736,1
193,-0.021071449,-0.016230125,-0.0057040453,1
211,-0.021898419,-0.020948384,-0.005816892,1
212,-0.019928977,-0.018709552,-0.0053453892,1
233,-0.012443781,-0.012929823,-0.0031390786,1
236,-0.020766124,-0.017052654,-0.004115239,1
289,-0.018873647,-0.021768298,-0.00406342,1
290,-0.021515623,-0.01673339,-0.0046698973,1
312,-0.018061787,-0.017379027,-0.004109822,1
325,-0.021358445,-0.021439668,-0.0060262755,1
326,-0.019544095,-0.015783172,-0.0048065037,1
330,-0.018988729,-0.015421007,-0.0041715577,1
335,-0.022793904,-0.024814378,-0.0055941567,1
342,-0.022800922,-0.018136885,-0.006171562,1
344,-0.021767259,-0.015543077,-0.0062078014,1
351,-0.020834506,-0.012860637,-0.007189594,1
358,-0.021564499,-0.019090284,-0.005176194,1
373,-0.02381754,-0.016888808,-0.005600482,1
377,-0.018612206,-0.018465865,-0.004022278,1
381,-0.019959018,-0.024849985,-0.004425399,1
382,-0.018034652,-0.019191477,-0.0037154108,1
402,-0.018116206,-0.021750975,-0.0043857396,1
403,-0.01782532,-0.011366766,-0.0057576224,1
405,-0.022017434,-0.014878642,-0.0062078834,1
408,-0.019767433,-0.014573615,-0.005396232,1
417,-0.019535005,-0.014513303,-0.0052868724,1
418,-0.02083239,-0.011195254,-0.0071122944,1
419,-0.019907743,-0.019600693,-0.005237937,1
422,-0.020707548,-0.018794555,-0.0046470687,1
423,-0.01908125,-0.01968206,-0.003532,1
441,-0.018478125,-0.016530145,-0.0035915151,1
448,-0.0182883,-0.0129315145,-0.006044157,1
463,-0.01745516,-0.012047667,-0.005632326,1
468,-0.022579297,-0.021297771,-0.0054780543,1
490,-0.018837258,-0.018098,-0.0037999079,1
496,-0.021401599,-0.016155954,-0.0062221065,1
516,-0.016359374,-0.014417913,-0.0040878877,1
519,-0.01991564,-0.020117495,-0.00411357,1
528,-0.022069603,-0.015669461,-0.0069225803,1
543,-0.022362292,-0.017896172,-0.0047721267,1
549,-0.023614362,-0.017207567,-0.008204393,1
565,-0.017524034,-0.014624823,-0.004188068,1
583,-0.019309178,-0.019703824,-0.0048467442,1
587,-0.021053016,-0.014262218,-0.0061958134,1
598,-0.017026722,-0.01653983,-0.0039451495,1
602,-0.02089259,-0.022138592,-0.004983999,1
610,-0.022392362,-0.018131997,-0.00498756,1
615,-0.020517558,-0.023580652,-0.005668074,1
628,-0.019052193,-0.01715378,-0.005051464,1
670,-0.021221444,-0.01691031,-0.004667841,1
676,-0.023075864,-0.020796265,-0.0054993257,1
757,-0.021633655,-0.015445601,-0.006593369,1
796,-0.010672346,-0.0136475,-0.0016393587,1
894,-0.023060694,-0.017742988,-0.006399296,1
934,-0.020256922,-0.02028488,-0.006093435,1
5,-0.013391897,-0.012177739,-0.0015638694,1
43,-0.015677556,-0.011921998,-0.0026894286,1
52,-0.01381737,-0.0073754154,-0.0044850484,1
86,-0.01395534,-0.011571225,-0.004208155,1
151,-0.015591368,-0.011994932,-0.0037939623,1
205,-0.012960985,-0.011058729,-0.0033693388,1
219,-0.014650047,-0.011312913,-0.0041758195,1
228,-0.01488398,-0.012412291,-0.0032459497,1
282,-0.020355135,-0.011599701,-0.004853606,1
287,-0.011293918,-0.012121681,-0.0011929348,1
305,-0.015163541,-0.0096096955,-0.003891088,1
317,-0.012619004,-0.014179092,-0.001705654,1
339,-0.01112707,-0.012470584,-0.002345346,1
346,-0.01402396,-0.010389391,-0.0033427104,1
367,-0.015917674,-0.014868189,-0.0025421754,1
410,-0.014135063,-0.010604557,-0.002636917,1
529,-0.013126224,-0.011079054,-0.0032120422,1
538,-0.013350114,-0.012554798,-0.0022566542,1
545,-0.015494764,-0.009835262,-0.0040668473,1
559,-0.014566362,-0.010639098,-0.0040727183,1
563,-0.015604153,-0.010316443,-0.0037460253,1
564,-0.018504202,-0.012864683,-0.004693724,1
566,-0.014257565,-0.013186824,-0.002379261,1
632,-0.0145290345,-0.013209287,-0.0032072365,1
644,-0.014721349,-0.012038264,-0.0029901639,1
646,-0.012548596,-0.010181483,-0.0025669038,1
799,-0.019202337,-0.0123429485,-0.005429141,1
18,-0.01360707,-0.013691265,-0.0017100573,1
24,-0.010327011,-0.016324986,0.00045981258,1
39,-0.014109001,-0.009849738,-0.004014753,1
56,-0.01372847,-0.0123893805,-0.0023839846,1
60,-0.011632964,-0.015692133,-0.0018470362,1
62,-0.012902886,-0.009966161,-0.003093332,1
67,-0.01258488,-0.011736516,-0.0017620623,1
78,-0.01130861,-0.017648038,-0.0020022094,1
84,-0.015976876,-0.008449692,-0.004084997,1
89,-0.012931481,-0.010507058,-0.003716074,1
99,-0.013543084,-0.011150304,-0.002216801,1
102,-0.012616962,-0.013005506,-0.0011498034,1
108,-0.013353646,-0.012168359,-0.0026267543,1
120,-0.015574977,-0.00966927,-0.004458159,1
131,-0.01591225,-0.009973418,-0.0032526478,1
144,-0.010437608,-0.015790787,0.000344716,1
169,-0.013979793,-0.010540601,-0.002918519,1
180,-0.010528013,-0.009423483,-0.0029188544,1
184,-0.013939753,-0.012152914,-0.0029677749,1
186,-0.011875689,-0.013674084,-0.0008344054,1
206,-0.014699012,-0.008516941,-0.0046550855,1
213,-0.013950482,-0.00942431,-0.003440544,1
216,-0.011865586,-0.0120504685,-0.0019681603,1
224,-0.009622365,-0.013388392,-0.0015416592,1
225,-0.014265552,-0.0089132525,-0.0039018765,1
229,-0.015628964,-0.013808344,-0.002496153,1
235,-0.01045987,-0.0098592825,-0.0028354153,1
247,-0.012188658,-0.009992402,-0.0023603514,1
255,-0.014163867,-0.010916751,-0.0032486543,1
259,-0.010273814,-0.010788064,-0.0029167011,1
264,-0.012951121,-0.013080951,-0.0025118142,1
265,-0.011701107,-0.0111299865,-0.004014179,1
267,-0.01441662,-0.007150192,-0.004264772,1
268,-0.0142015815,-0.010900918,-0.003581442,1
271,-0.013090208,-0.014615547,-0.0021576434,1
273,-0.014175639,-0.012568135,-0.0033560023,1
275,-0.011098698,-0.015675094,-0.0018388107,1
278,-0.010004684,-0.009884793,-0.001316525,1
283,-0.013574839,-0.011632968,-0.0031342804,1
291,-0.012645677,-0.012325082,-0.0021004006,1
293,-0.0077372044,-0.011578243,-0.0013733506,1
296,-0.01420109,-0.0106299855,-0.0028121844,1
299,-0.01590389,-0.011457216,-0.0040532276,1
301,-0.015705287,-0.009942871,-0.0044211224,1
308,-0.014793724,-0.010667551,-0.0038074255,1
310,-0.011532739,-0.013374481,-0.0015904903,1
311,-0.010624319,-0.013626035,-0.0022058561,1
313,-0.014314309,-0.010535229,-0.0036097392,1
316,-0.014129013,-0.00868142,-0.0043402985,1
318,-0.013160884,-0.009965558,-0.0030128583,1
319,-0.01139535,-0.013840381,-0.0027311072,1
332,-0.010862038,-0.011947367,-0.0012740195,1
340,-0.016097426,-0.012733895,-0.00350596,1
347,-0.009719819,-0.015155274,-0.00018607825,1
349,-0.010455981,-0.013982598,-0.0014890581,1
352,-0.015080482,-0.009267759,-0.0039245784,1
353,-0.014194027,-0.01002885,-0.0032272637,1
357,-0.0097543895,-0.012747195,-0.00068672746,1
359,-0.015503883,-0.013887163,-0.0021730214,1
372,-0.010993764,-0.011136126,-0.001582183,1
376,-0.014855638,-0.010283057,-0.0040704906,1
383,-0.011893883,-0.008942869,-0.0029799864,1
384,-0.0150298625,-0.009361859,-0.0038407296,1
385,-0.015764236,-0.011894029,-0.0041887984,1
392,-0.014890507,-0.010620479,-0.0034962073,1
393,-0.016494617,-0.0077935867,-0.0044849366,1
401,-0.012827605,-0.011936765,-0.0017159581,1
404,-0.01037316,-0.013993237,-0.00054263324,1
406,-0.012518972,-0.009982575,-0.0025611818,1
415,-0.01312618,-0.012985747,-0.0020137355,1
428,-0.013924733,-0.011431862,-0.0023433045,1
432,-0.015596747,-0.010520119,-0.0043216124,1
435,-0.013321102,-0.017392758,-0.0020995587,1
444,-0.009068117,-0.01305474,-0.0010379329,1
447,-0.016175762,-0.008378591,-0.005406238,1
452,-0.015931055,-0.008566488,-0.005007878,1
454,-0.013650805,-0.009954046,-0.003071174,1
458,-0.011249527,-0.01186138,-0.0020840093,1
474,-0.010015428,-0.0137322135,-0.0014939383,1
475,-0.010882825,-0.011289109,-0.0011852235,1
476,-0.011871815,-0.009756882,-0.0020669997,1
488,-0.010258034,-0.010922801,-0.0015688986,1
489,-0.013394669,-0.009055931,-0.0029418543,1
491,-0.015413314,-0.009660695,-0.004198499,1
498,-0.013542831,-0.012742776,-0.0038175732,1
499,-0.01442191,-0.010107834,-0.0037401542,1
500,-0.015653834,-0.0090072565,-0.0043657124,1
506,-0.009460777,-0.01456761,-0.0013543591,1
509,-0.01074779,-0.01307993,-0.0011478886,1
512,-0.0122035295,-0.017531376,-0.001361452,1
515,-0.014649689,-0.0091572665,-0.0039388537,1
517,-0.013918757,-0.012034003,-0.0027778447,1
533,-0.008759469,-0.014989074,-0.0016327053,1
534,-0.014638677,-0.008723404,-0.0042877644,1
539,-0.012010038,-0.016060244,-0.0026026294,1
542,-0.010613307,-0.011204552,-0.0013201982,1
546,-0.015427187,-0.0128371455,-0.0029998422,1
547,-0.012826234,-0.012182262,-0.0022103637,1
551,-0.009934276,-0.0117830895,-0.00084091723,1
557,-0.012340039,-0.012139786,-0.0019851625,1
558,-0.015421197,-0.010895621,-0.0035044402,1
562,-0.010187,-0.017226081,-0.00034971535,1
568,-0.013766542,-0.01020271,-0.0038124248,1
571,-0.01221858,-0.008348029,-0.0035826862,1
573,-0.013733819,-0.011406619,-0.002827108,1
580,-0.01053223,-0.0143881105,-0.0017340556,1
582,-0.014040813,-0.011241611,-0.003533341,1
585,-0.014521703,-0.011403862,-0.002935715,1
588,-0.013581902,-0.011858087,-0.002747044,1
591,-0.0146010965,-0.013190139,-0.0027693585,1
596,-0.012843102,-0.013212044,-0.0014444515,1
601,-0.012353107,-0.015510488,-0.002411507,1
603,-0.013261914,-0.009744626,-0.0030337945,1
609,-0.012909174,-0.013199385,-0.0008338243,1
620,-0.016289398,-0.010421779,-0.0037822276,1
627,-0.013997868,-0.012539644,-0.0023860484,1
631,-0.012948617,-0.010913309,-0.002455242,1
636,-0.011590451,-0.012302924,-0.0013178214,1
639,-0.010781571,-0.018030297,-0.0013590902,1
647,-0.014483839,-0.011266109,-0.003331706,1
658,-0.013832554,-0.013119031,-0.0021861494,1
668,-0.011228964,-0.010309968,-0.0025631636,1
675,-0.016654357,-0.011088859,-0.003813006,1
678,-0.013590723,-0.0128439255,-0.0021998957,1
691,-0.0137259215,-0.012217563,-0.0014567152,1
695,-0.014209926,-0.009998713,-0.004249543,1
699,-0.0175495,-0.0087268315,-0.005532667,1
709,-0.011569396,-0.012149263,-0.0012602434,1
715,-0.01573731,-0.013370406,-0.0029753,1
719,-0.011177868,-0.010219578,-0.0026162416,1
721,-0.012625277,-0.013587896,-0.002312705,1
722,-0.016071066,-0.009629089,-0.004151173,1
724,-0.015546486,-0.01064134,-0.0034507737,1
727,-0.014781967,-0.009567786,-0.0041897,1
731,-0.012507319,-0.011968423,-0.0040717646,1
732,-0.018195972,-0.011847239,-0.0035499036,1
746,-0.015115321,-0.012256626,-0.0026534349,1
748,-0.011859238,-0.01023503,-0.002223745,1
756,-0.013155952,-0.011714432,-0.0028507859,1
763,-0.013953939,-0.0118821375,-0.0030734465,1
767,-0.013428643,-0.013648596,-0.0018891841,1
770,-0.01274164,-0.007983837,-0.004039228,1
771,-0.011793137,-0.01363394,-0.0016762987,1
774,-0.013605505,-0.014457423,-0.002526462,1
783,-0.012015119,-0.012667019,-0.0025546253,1
804,-0.00968723,-0.013007645,8.778274e-05,1
811,-0.0123429,-0.009632047,-0.003702037,1
812,-0.014037535,-0.00875115,-0.0040061697,1
815,-0.01629962,-0.0085680075,-0.0055780485,1
818,-0.01142548,-0.01453675,-0.0010779649,1
819,-0.010833681,-0.011607107,-0.0017490909,1
822,-0.011872843,-0.012028482,-0.0019907132,1
823,-0.012487397,-0.012863796,-0.0015760809,1
825,-0.01367645,-0.012097251,-0.0028703138,1
826,-0.011639133,-0.0144917555,-0.001077354,1
831,-0.014109015,-0.01220971,-0.0029587597,1
834,-0.011162475,-0.01614238,-0.0016335547,1
838,-0.013038158,-0.013371166,-0.0020309463,1
839,-0.0161995,-0.009386282,-0.0041953027,1
840,-0.015299782,-0.012042727,-0.0032704175,1
842,-0.013802394,-0.01272684,-0.0019889027,1
845,-0.0149900615,-0.010839406,-0.0034959689,1
849,-0.010887355,-0.012170274,-0.0011588112,1
852,-0.01411441,-0.011379886,-0.0030371845,1
853,-0.014738455,-0.008262258,-0.0048233867,1
854,-0.014422193,-0.007797729,-0.003533341,1
856,-0.015871018,-0.011318002,-0.003029339,1
857,-0.015981391,-0.011267591,-0.0028258339,1
858,-0.011222273,-0.0114965625,-0.0023378283,1
859,-0.013296932,-0.011179868,-0.0018271208,1
860,-0.012002096,-0.010982465,-0.0020919293,1
861,-0.014446199,-0.012665767,-0.002502121,1
863,-0.013094246,-0.01289067,-0.0015222728,1
866,-0.01400958,-0.011900891,-0.0032480136,1
868,-0.013226211,-0.012380686,-0.0026455,1
870,-0.011012495,-0.012582716,-0.0014071241,1
871,-0.010931045,-0.009417597,-0.0021138117,1
872,-0.014604449,-0.012443539,-0.0032310784,1
873,-0.010555208,-0.015381094,-0.00041499734,1
874,-0.010783315,-0.014143977,-0.0010219589,1
875,-0.011624649,-0.009456161,-0.0023344457,1
876,-0.010913014,-0.010278057,-0.0021777004,1
877,-0.01675661,-0.010457117,-0.003985785,1
878,-0.014057159,-0.009123836,-0.0038997307,1
879,-0.0119981915,-0.00958116,-0.0023982674,1
880,-0.013124049,-0.013959359,-0.0011197627,1
881,-0.014573276,-0.0137672685,-0.0028212145,1
882,-0.013404295,-0.009210315,-0.003571123,1
883,-0.009043068,-0.01087888,-0.0012236014,1
884,-0.012873679,-0.009677868,-0.0032072589,1
885,-0.012901068,-0.011074703,-0.002618447,1
886,-0.012731776,-0.013926085,-0.0013284385,1
888,-0.013011336,-0.008580472,-0.0034900531,1
889,-0.010484606,-0.008212578,-0.0027896687,1
890,-0.012163252,-0.012691032,-0.0016834587,1
893,-0.014563322,-0.008871574,-0.0046757534,1
899,-0.015055403,-0.010975812,-0.0043903515,1
900,-0.01604791,-0.011663299,-0.004005462,1
902,-0.013372347,-0.013511468,-0.0025586262,1
903,-0.015784502,-0.008639451,-0.0047501624,1
904,-0.011556968,-0.010125216,-0.002076514,1
908,-0.013085946,-0.014837135,-0.0023055002,1
909,-0.010651365,-0.014061112,-0.0014083385,1
917,-0.012776628,-0.010784041,-0.0020396858,1
933,-0.013152733,-0.011776585,-0.002488725,1
936,-0.017506912,-0.011577215,-0.0041186363,1
937,-0.011746705,-0.013938215,-0.0024167746,1
940,-0.013253182,-0.012874473,-0.001840584,1
0,0.0014193952,0.0016306452,0.00039231777,2
1,-0.0014372766,-0.010611612,-0.0019987524,2
2,-0.0010787696,-0.0010450818,-0.0007483512,2
3,0.0039987564,-0.0036691837,0.0020742342,2
4,0.010490552,-0.0008963086,0.0046935156,2
5,-0.003899157,-0.0041836016,-0.0014632046,2
8,-0.0026452392,0.00022789836,-0.0016017482,2
9,0.003876835,-0.0019378774,0.0020525903,2
12,0.0058027357,-0.002486039,0.0030830503,2
14,0.00437589,-0.0062338375,0.0021777377,2
17,-0.0067801327,-0.00539596,-0.0021885782,2
18,-0.0013353527,-0.0083976425,-0.00042176247,2
20,-0.0030287802,-0.007477816,-0.0012224913,2
21,-0.0023578256,-0.0050167926,-6.946176e-05,2
22,-0.000800699,-0.008091103,0.0011308193,2
23,-0.007442996,-0.0050584786,-0.0025237352,2
24,-0.0039031953,-0.002206225,-0.0025028884,2
25,-0.0070035458,-0.007846031,-0.0025755316,2
27,0.0017962307,-0.0025074668,0.0012594312,2
29,0.0019216388,0.00075819343,0.0010885224,2
30,-0.002545923,-0.003988888,-0.0007993132,2
31,-0.0065169334,-0.0005864948,-0.002329886,2
32,-0.0020103157,-0.005350087,-0.0011494607,2
33,-0.004396811,-0.0045737363,-0.0019247383,2
34,-0.0055857897,-0.0023660287,-0.0011132807,2
36,-0.0014799237,-0.0036886893,-0.00034098327,2
40,-0.0021255016,-0.0040588044,-0.0004357323,2
41,0.0020893663,-0.0052812584,0.0018134341,2
42,0.010280445,-0.0049378686,0.0052351207,2
43,-0.0015797764,-0.004669968,-0.0006194785,2
44,-0.00738512,-0.008022327,-0.0022003576,2
45,-0.0028419644,-0.0038381554,-0.0013705492,2
46,-0.0051713884,-0.0059171356,-0.002888456,2
49,-0.00018399954,-0.00818241,0.0005025491,2
50,0.0005322695,-0.0036385618,0.00044423342,2
54,-0.004862666,-0.004670512,-0.0010404959,2
55,0.0026378334,-0.004998293,0.0020318553,2
56,-0.00061774254,-0.004665237,0.00018182397,2
57,0.0010388345,-0.008343007,0.00051549077,2
58,0.0004911274,0.0009872466,0.0013538226,2
59,-0.0010657907,-0.0067184456,0.00032874197,2
61,-0.0013379157,0.0004226826,-0.001147233,2
62,-0.00546211,-0.0029340647,-0.0010796338,2
63,0.0014179796,-0.004205141,0.0012053922,2
64,-0.0037606508,-0.0069295503,-0.0015157387,2
65,0.00038400292,-0.0068957694,-0.0014671162,2
66,-0.0034953207,-0.0041806437,0.0008302778,2
70,-0.00053951144,-0.005741898,0.0007954389,2
72,-0.004383698,-0.006389994,-0.0019915476,2
73,-0.0011392087,-0.004311163,0.00012367219,2
74,0.0046339333,-0.004055951,0.0010356754,2
76,-5.7294965e-05,-0.0026269928,0.0002303794,2
77,0.0016171485,-0.0073679127,0.0011583418,2
78,0.00749965,-0.005057346,0.003409937,2
79,-0.0015726686,-0.0038238205,0.00070711225,2
80,0.0024291426,-0.0005697943,0.0019149184,2
81,0.004189521,-0.0003709346,0.0024581999,2
82,0.011432484,-0.0006455928,0.006343074,2
83,0.005873427,-0.0069384165,0.0015728846,2
84,-0.0006135255,-0.00785936,-0.00055695325,2
86,-0.005216509,-0.0015400313,-0.002543874,2
87,0.0038927197,-0.0040420257,0.0014801994,2
89,0.003123626,-0.0056474395,0.0020053238,2
92,-0.0010533035,-0.005920138,0.0008029267,2
93,0.0008381903,-0.002063308,0.0005232096,2
94,-0.0008134991,-0.0028167851,-0.00040582567,2
95,0.0061985105,-0.0053149275,0.00328698,2
96,0.010214776,-0.004542459,0.0050623193,2
97,0.0036974698,-0.0067949705,0.0026182905,2
98,-0.003673166,-0.0035938732,-0.00032231957,2
100,-0.002189204,-0.0026203059,-0.0009967014,2
102,-0.0035024583,-0.003959138,0.000115953386,2
103,-0.00417915,-0.0015967861,-0.0015931204,2
106,-0.00031143427,-0.0034966357,0.0015691519,2
107,0.008101702,-0.004636634,0.005099289,2
109,-0.0042235255,-0.0050422437,-0.0017968193,2
110,-0.004207924,-0.009423692,-3.7387013e-05,2
111,0.0046574473,-0.006302621,0.002700895,2
112,0.0027558655,-0.0065546744,0.0017525181,2
113,-0.0026395917,-0.007034991,0.0011545643,2
114,-0.00036250055,-0.004654575,0.0017539412,2
115,-0.004564777,-0.004751954,-0.0020073429,2
116,0.00041769445,-0.010795582,0.0023806095,2
117,0.009783879,-0.0009118095,0.0043741986,2
119,0.0039711893,-0.004438352,0.001359947,2
121,0.006269932,-0.0028981678,0.0038590059,2
124,0.00861837,-0.0038221292,0.004836276,2
125,0.003598377,-0.005339373,0.0019474998,2
126,0.00023500621,-0.007502515,-4.5850873e-05,2
127,0.003774941,-0.0066807456,0.0024898201,2
128,0.0029299557,-0.004048731,0.0018185154,2
129,-0.0022470802,-0.004950028,0.0012362897,2
131,0.0029792637,-0.00698163,0.0015677512,2
132,0.0047011077,-0.0046335645,0.001863949,2
133,-0.003857404,-0.0012311637,-0.00015953183,2
135,0.00953649,-0.0019784123,0.005464755,2
136,-0.0029680133,-0.0014460906,-0.0014046058,2
137,-0.000700593,-0.0021369383,-0.00078573823,2
138,0.0031250566,-0.003743153,0.0016676113,2
139,0.0010609031,-0.0042618625,0.0009370893,2
140,0.0009201765,-0.0040432923,0.0018493906,2
142,-0.0038556904,-0.0050570928,-0.0002456978,2
143,-0.0032380968,-0.006268438,-0.00022630394,2
145,-0.0024130493,-0.007087808,0.0006357804,2
147,-0.0032158494,-0.0021116063,-0.0010908395,2
149,-0.0020262897,-0.0011587739,-0.00090964884,2
151,-0.0021624565,-0.0034665056,-0.00019174069,2
152,6.519258e-05,-0.0045434423,-0.0009942502,2
153,-0.0016453564,-0.0059363954,-0.00024008006,2
157,0.003788963,-0.00891963,0.001960501,2
160,-0.0037760139,-0.005558815,-8.673966e-05,2
161,-0.0009551197,0.0016667768,-0.00038692355,2
162,0.0076613426,-0.0068804286,0.0043578744,2
163,0.007307872,-0.0021987334,0.00419344,2
164,0.0049055666,-0.0019268543,0.0035565123,2
165,-0.0054546,-0.0064107515,-0.0024276376,2
166,0.0012101233,-0.0020892173,0.00040322542,2
168,0.008659497,-0.0004580319,0.0040261,2
170,0.0018995106,-0.0077616237,3.863871e-05,2
171,-0.004553765,-0.0053007863,-0.0011576787,2
173,-0.0020566732,-0.0007609129,-0.0011899322,2
174,0.00024110079,-0.0056057386,0.0007844269,2
178,0.008302689,-0.0031304322,0.0047633722,2
180,-0.0012332797,-0.0035244338,0.00022923201,2
181,-0.007069111,-0.007060554,-0.0025316626,2
182,-0.003989488,-0.005838018,-0.0002445802,2
183,0.007959038,0.003404379,0.00418254,2
184,-0.001917243,-0.0021057576,-0.0011410192,2
185,-0.0011455417,-0.0047519617,-0.00014338642,2
187,-0.0007470995,-0.0024514943,0.0013692975,2
188,-0.004458353,-0.0043815337,-0.0011377558,2
189,-0.0064527094,-0.005466964,-0.004010737,2
192,0.004877448,-0.0016082153,0.0024599507,2
195,0.006724581,-0.007007096,0.003664568,2
196,-0.0019638687,-0.0036959685,0.0006579459,2
198,0.001532346,0.0015471764,0.001326263,2
199,0.010069892,-0.0038535334,0.0051409677,2
200,-0.0047321618,-0.0066654645,-0.0014486685,2
201,-0.0048405975,-0.0030223243,-0.0025712997,2
203,-0.002375096,-0.0044507794,-0.00032202154,2
204,0.008228302,-0.006738413,0.0045492947,2
205,-0.0065081418,-0.006667752,-0.0026212335,2
210,-0.003619507,-0.006893698,-0.001969181,2
211,0.0028341413,-0.0051858313,0.00056094676,2
213,0.0075450838,-0.004220601,0.003769599,2
214,-0.0030771792,-0.0037562512,-0.0016899034,2
215,-0.0031219572,-0.00042000785,-0.0007395297,2
219,-0.0025139898,-0.0074595623,0.00012203306,2
220,-0.006810203,-0.0018796436,-0.0030645132,2
223,0.0072790384,-0.0005213134,0.004602939,2
224,-0.0021430105,-0.002504468,-0.0013773665,2
225,-0.007636532,-0.004750792,-0.0025140196,2
226,0.0029310733,-0.006343443,0.002400592,2
228,-0.003830582,-0.0044676177,-0.00073446333,2
229,0.0060371757,-0.006672699,0.0032602847,2
230,0.00010091066,-0.0051076077,0.00065490603,2
231,0.00919129,-0.0010965765,0.005137235,2
232,0.007857457,-0.0016525052,0.0046835467,2
233,0.0024114698,-0.006240096,0.0017646775,2
234,-0.0037924796,-0.0021440983,-0.0017897859,2
236,-0.0016294569,-0.007439982,0.00090259314,2
238,-0.0034513772,-0.00050125644,-0.0022133365,2
240,-8.966029e-05,-0.0008034557,0.00030177087,2
242,0.0060854107,-0.0067480914,0.0036625862,2
243,0.0008147955,0.0021792091,-0.00010103732,2
247,0.007487774,-0.0054776855,0.004244074,2
249,0.0017323345,-0.00072699785,0.0008468926,2
250,0.006601751,-0.007922683,0.0029134452,2
254,0.0023647398,-0.0006765127,0.0018113181,2
255,0.0034594089,-0.0066205524,0.0021862611,2
257,0.009488046,0.00070992485,0.0045106933,2
258,-0.0014383644,-0.005785551,0.00015892833,2
259,0.0021210015,-0.0042019226,0.0008113533,2
260,0.0029905736,-0.006511662,0.00036092103,2
263,-0.0059294254,-0.0036104284,-0.0011691898,2
264,0.0057914257,-0.0045415945,0.002745457,2
265,-0.0008931309,-4.7374517e-05,-0.0005271435,2
266,-0.0008443743,-0.005002994,9.279698e-05,2
267,-0.0027100444,-0.001683794,-0.0010375828,2
268,0.0011181384,0.0008232482,0.0007598549,2
269,0.00760372,-0.0043733977,0.004674189,2
271,0.009074196,-0.0027072132,0.0052478537,2
272,-0.0017336607,-0.0043840148,0.00085507333,2
274,0.006716728,0.00088057294,0.003978841,2
275,-0.0008174032,-0.0066669174,-0.0006700307,2
276,-0.0065926462,-0.007224951,-0.0019906983,2
277,0.008597389,-0.004749451,0.004110597,2
282,-0.0035078824,-0.009142328,-0.0024882331,2
283,-0.0034501255,-0.001860179,-0.0015394762,2
284,-0.0036799908,-0.0070612393,-0.0012426451,2
285,0.0007741302,0.0008380152,0.00069238245,2
286,-0.0028357208,-0.007690292,-0.0008039251,2
287,-0.0031837076,-0.007874209,-0.0010710061,2
288,-0.002894044,-0.0053296126,-0.00020973384,2
292,0.006620139,-0.0034437291,0.0026687533,2
293,0.004107788,-0.0046920814,0.0021704286,2
294,-0.0033522844,-0.0081962235,0.000141792,2
295,0.0088146925,-0.0067180432,0.0048735663,2
296,-0.0055653453,-0.004208196,-0.0026592165,2
298,-0.0006451756,0.0010334179,-0.00075460225,2
303,-0.00010223687,-0.0030685402,0.00053489953,2
304,-0.00018189847,-0.0036427416,0.00014109164,2
305,-0.0028434396,-0.0076216124,-0.00037821382,2
308,0.0074777007,5.569309e-05,0.0033566505,2
309,0.0029933006,0.00083851814,0.0023562089,2
310,0.006643623,-0.008572292,0.002642721,2
311,-0.004249677,-0.008347485,0.00040764362,2
312,-0.0005531609,-0.0043080263,0.00040398538,2
314,-0.001449436,-0.004701454,0.0011346713,2
315,0.008762106,-0.0013448521,0.0052522793,2
316,0.0008662939,-0.004619088,0.00047700852,2
317,0.0043928325,-0.010033157,0.0025436804,2
319,-0.0012463629,-0.003002774,-4.287064e-05,2
320,0.009209976,-0.0028622858,0.004557915,2
322,0.0057757944,-0.0072236024,0.0023606047,2
323,0.00778988,-0.0011467524,0.0038919747,2
324,-0.0037879795,-0.0063643716,-7.586181e-05,2
330,-0.0019995868,-0.00982992,0.00018631667,2
331,-5.455315e-05,-0.004441116,0.0020956919,2
332,0.0011706352,-0.003992062,0.0010576025,2
333,-0.0026293546,-0.0071888454,-0.0010387897,2
334,0.011896327,0.00018262118,0.0062425286,2
336,0.008371174,-0.004773807,0.0050644577,2
340,-0.004251793,-0.007970307,-3.85046e-05,2
341,-0.0002052933,-0.0007014349,0.00019869953,2
342,0.0035113841,-0.0064928345,0.0025294498,2
344,-0.00611566,-0.005414348,-0.0028766096,2
345,0.009696409,-0.0013611689,0.0050210953,2
346,-8.559227e-05,-0.0052076094,0.0019462779,2
347,-0.0018867254,-0.005299758,-0.0008389428,2
350,-0.0032407492,-0.0072133504,-0.00020024925,2
351,0.0071540177,-0.002617944,0.004074797,2
352,-0.0025680065,-0.006025981,-0.0005718395,2
354,0.0014024973,-0.0076048933,-0.0007117763,2
356,-0.0032592565,-0.0048464425,-0.0009744987,2
357,0.0007418692,-0.0063495226,0.0025377423,2
358,0.0074834377,-0.0024079345,0.003795296,2
361,-0.0049295276,-0.0061170273,-0.0012666509,2
362,0.0027329624,-0.0032073073,0.0014777929,2
366,-0.0006439239,0.00012587756,-0.0006268099,2
367,-0.0021303892,-0.0034784563,0.00027421862,2
368,-0.00012202561,-0.0016711205,-0.000492461,2
369,-0.004938498,-0.003976535,-0.0023688674,2
370,0.010086641,8.876622e-05,0.0056315884,2
371,-0.00079494715,-0.0034688674,-0.00049102306,2
373,-0.008117855,-0.0075660236,-0.0036368147,2
374,-0.000809446,-0.0054240115,0.0010051504,2
375,0.008559734,0.002552282,0.0043861642,2
380,-0.0026520789,-0.0031382702,-0.0006791726,2
381,-0.0027252883,-0.006922651,-5.390495e-05,2
382,-0.0053571463,-0.003570091,1.0803342e-06,2
383,-0.0026643574,-0.0070918836,-0.00015698373,2
385,0.004293099,-0.008065302,0.0013078004,2
386,-0.004326105,-0.0043376125,-0.001784198,2
387,-0.0033453405,-0.0031978674,-0.00082044303,2
388,-0.0009996593,-0.0011495762,-1.0810792e-05,2
389,-0.005695015,-0.005232703,-0.0013096258,2
391,0.009127408,-0.001443509,0.0049205422,2
392,-0.006629154,-0.001364097,-0.0028142557,2
393,-0.0031933486,-0.003001187,-0.00061531365,2
394,0.0019411147,-0.0041041933,0.0015038401,2
397,-0.0018770993,0.0009988919,-0.0009125769,2
398,-0.00590457,-0.005996432,-0.0021039322,2
399,-0.0045371205,-0.005114559,-0.0021980852,2
401,0.0011550188,-0.008382004,0.00050845,2
402,0.0036224723,-0.0048917793,0.0028672442,2
403,0.006871477,7.881969e-05,0.0036791489,2
405,-0.0038223118,-0.004012432,-0.0020811334,2
407,0.0011018068,-0.004034754,0.0011596605,2
409,-0.005946353,-0.0055057965,-0.0016874894,2
412,-0.00429596,-0.00657269,-0.0010270402,2
413,0.00033517182,-0.0033318885,0.0007831678,2
414,-0.0005930364,-0.004986543,9.684265e-05,2
415,-0.0032384396,-0.004491318,-0.0010224059,2
416,-0.0017530471,-0.00083722174,-0.0009530857,2
417,0.009029537,0.0018761195,0.004402384,2
418,-0.0035527945,-0.004338745,-0.0012936145,2
419,-0.0006289929,-0.0008688122,-0.00036699325,2
420,0.008338019,-0.002288524,0.005000353,2
421,0.0019823462,-0.007071603,0.002021253,2
422,-0.0063987672,-0.0025340505,-0.003070645,2
423,-0.0006106794,-0.0008011013,-0.00021276623,2
424,-0.0022583753,-0.007189896,0.000186041,2
425,0.00094120204,-0.004702691,-0.0002462417,2
426,-0.0030845553,-0.0049518086,-0.0011208877,2
427,-0.0012641698,-0.0067808963,0.00048966706,2
428,-0.004975572,-0.0048989467,-0.0019373149,2
432,-0.0063795894,-0.0062757023,-0.0025316179,2
433,0.00051158667,-0.001966685,-9.289384e-05,2
434,0.0037401319,-0.004826639,0.0019606352,2
436,0.00025203824,-0.0073885433,0.0013222918,2
437,0.0043004304,-0.00951365,0.0015630648,2
438,0.009489164,0.00027083978,0.0045731366,2
439,-0.0019926876,-0.0054540373,-3.6157668e-05,2
440,-0.0030932128,-0.0031404756,-0.0020432323,2
443,-0.00075237453,-0.006601345,-0.0017319545,2
445,-0.0060430467,-0.005616892,-0.0026543066,2
446,-0.0067994,0.0003094934,-0.0022876635,2
448,0.00026001036,-0.0034940876,0.00052105635,2
449,0.00984475,-0.0015196018,0.005052872,2
450,0.0024750978,-0.0044960342,0.0015973598,2
451,0.010086313,-0.003466878,0.0050822943,2
453,-0.0028708577,-0.0035746433,-0.0011761561,2
454,0.0071768165,-0.002807878,0.0035184026,2
458,0.008919492,-7.7188015e-06,0.0049225315,2
460,0.009529948,-0.0042316504,0.0052333847,2
461,-0.005477324,-0.0029990412,-0.0012690723,2
462,-0.00085766613,-0.0033328943,0.00018522888,2
463,-0.0018104762,-0.0057186075,-0.0012074485,2
464,0.0040885955,-0.0045399778,0.0015460402,2
465,0.0034454763,-0.0054893084,0.0026029348,2
468,0.000741452,-0.0005368851,0.0005452037,2
469,-0.00012458861,-0.008353639,-0.00011856854,2
471,0.009446323,-0.0017956942,0.0057240278,2
473,-0.0023905188,0.0034937412,-0.0017521754,2
474,-0.0009782463,-0.006064225,-8.85278e-05,2
475,0.009238288,-0.003426779,0.0052121654,2
476,-0.007043153,-0.005172249,-0.002481766,2
477,-0.00011950731,-0.0059818067,0.00020872802,2
478,-0.004894346,-0.0053408407,-0.0010546818,2
479,-0.006453082,-0.00092261285,-0.0011257306,2
480,0.00060015917,-0.0074533112,0.0002554804,2
485,0.0072547942,-0.00073583424,0.0038950443,2
486,0.010088682,-0.00053858757,0.0052616596,2
487,-0.00092305243,-0.005246628,0.00049933046,2
488,8.776784e-05,-0.0067085065,-0.0017250106,2
490,-0.00022900105,0.0020865425,-0.00032868236,2
491,0.0027705282,0.0034451932,0.0005373284,2
492,0.0065239817,-0.0059576817,0.0035285652,2
493,-0.00538902,-0.005706329,-0.0022804514,2
498,0.0021784902,-0.005153034,0.0013522282,2
499,0.0025574267,-0.0059957467,0.0019612387,2
501,-0.0010073632,-0.0047462396,0.00032890588,2
503,0.0035779327,-0.0075418614,0.002013743,2
504,-0.00539203,-0.0016406961,-0.0020979196,2
506,0.00803861,-0.0017322153,0.0045051724,2
507,-0.0018559843,-0.0033792295,-0.0006980896,2
509,-0.0039643943,-0.0013010874,-0.002086237,2
510,-0.0025571883,-0.0050337203,-0.0007968098,2
511,-0.0030823946,-0.007501457,-0.0018559098,2
512,0.003328845,-0.00592744,0.0021545887,2
514,0.005800888,-0.0037254356,0.0030923337,2
515,-0.009407103,-0.0044442974,-0.003156662,2
517,-0.0020100623,-0.005923081,-0.00016631931,2
518,0.0035607368,-0.010052633,0.0012324601,2
520,-0.003784299,-0.0010283738,-0.0015357435,2
521,0.011837691,-0.0037649013,0.005313538,2
522,-0.00018511713,-0.006402921,0.0008005351,2
523,0.00040879846,-0.004951287,0.0019068122,2
525,-0.001955092,-0.006783832,-0.00015800446,2
526,-0.0053604096,-0.0012309849,-0.0018462464,2
528,0.0035181195,-0.0046618097,0.0014109015,2
529,-0.0010502338,-0.0031527318,-0.00050806254,2
530,-0.0061862916,-0.0061328076,-0.002745673,2
531,0.009185821,0.001352299,0.0044765323,2
533,0.00759764,-0.0059052072,0.0041676015,2
534,-0.0011895448,-0.005424004,5.9597194e-05,2
537,0.0031018555,-0.007543009,0.0026554465,2
538,-0.0038215816,-0.006313879,-0.0015509278,2
539,0.0036702603,-0.0058129765,0.0028175712,2
540,0.005933091,0.0016855001,0.0025377423,2
541,0.0033473223,-0.0038500912,0.0022245497,2
542,0.0014246255,0.00041425228,0.00067827106,2
544,-0.002038464,-0.0046400093,-0.00089956075,2
546,0.010429636,-0.0051077046,0.006922066,2
547,-0.0063055456,-0.003523063,-0.0024924874,2
548,0.00027641654,-0.009728525,0.0018867478,2
549,0.009556413,-0.0014278181,0.005334094,2
554,-0.0009698421,-0.0032188855,0.0006065294,2
555,-0.006207168,-0.003973838,-0.0021028519,2
558,-0.00033406913,0.0012708455,0.00035338104,2
560,0.008167878,-0.001055453,0.0044057593,2
562,-0.0067952424,-0.0041521974,-0.0031924695,2
563,0.00665462,-0.0051863305,0.0025419146,2
564,0.00012305379,-0.0086713545,-0.00020382553,2
565,-0.0025014877,-0.0077384003,-0.0004925579,2
566,-0.000524655,-0.0035101287,0.00060491264,2
567,0.010546535,-0.00023435429,0.0053460076,2
568,0.0040287226,-0.0077736042,0.0025029406,2
569,0.007006213,-0.0032672398,0.0034373254,2
571,-0.0026269406,-0.004716385,-0.0010202006,2
572,0.008415431,-0.0067678206,0.004870653,2
573,-0.002770096,2.1994114e-05,-0.0014242828,2
575,-0.0012008101,-0.0037637316,0.0011887997,2
576,-0.003005907,-0.0044135936,-7.496029e-05,2
577,0.009371206,-0.0019357465,0.0039825365,2
578,0.0029699802,-0.004456755,0.0017867982,2
579,0.007119626,-0.0016751029,0.0039703622,2
580,-0.00780344,-0.0069811083,-0.002424717,2
581,0.0005621463,-0.00754622,0.0010193065,2
582,0.0015997142,-0.00052506104,0.0005863607,2
584,0.001037702,-0.0037953816,0.0008353293,2
585,-0.001838252,0.0014436543,-0.0007497743,2
586,-0.0012152046,-0.0019882955,-0.0009765327,2
588,0.00906153,0.00043074414,0.005077414,2
589,0.0058046877,-0.0023894347,0.0033096075,2
592,-0.0062687397,-0.0030175857,-0.0025940612,2
593,-0.004046634,-0.0015170425,-0.0014314428,2
594,0.0090866685,-0.0071397386,0.0052141175,2
595,-0.003982663,-0.0067735948,-0.0014362261,2
597,-0.0016275197,-0.0016019195,-0.0003823042,2
598,0.0021726787,-0.006028507,-0.00019002706,2
599,-0.00063049793,-0.00561798,-0.00031470507,2
600,0.0017799884,-0.004949417,0.001523912,2
602,-0.0076949596,-0.0049056076,-0.0037668422,2
604,0.006610915,-0.0049713887,0.0033965856,2
605,-0.00086165965,-0.00051183626,-0.0004807636,2
607,-0.0075783283,-0.004140418,-0.0019900724,2
608,-0.0029911846,-0.004097376,-0.0019361451,2
609,0.0046864897,-0.004896786,0.0025366545,2
611,0.0023023933,-0.005503226,0.0012514219,2
612,-0.0007493943,-0.006207388,-0.0005889237,2
614,0.0040462166,-0.0049166717,0.0021767989,2
615,-0.0025783032,-0.004391331,-0.0010501966,2
616,-0.0029814988,-0.003422331,-0.00089481473,2
618,0.010659456,-0.0069153868,0.005427547,2
620,0.00046519935,-0.008917686,0.001429379,2
621,-0.0019604266,-0.005936872,0.0012541786,2
624,-0.0034287125,-0.0058867745,-0.0011495799,2
625,-0.001480177,-0.0068809725,-0.0007242337,2
626,0.0062120855,-0.005187709,0.0023693293,2
627,0.010064542,-0.0013372637,0.0050731525,2
628,0.009819061,-0.008346681,0.0049135536,2
629,0.009767115,-0.0016752593,0.0054493845,2
631,-0.0004976094,-0.0070129894,4.6275556e-05,2
633,0.00034953654,-0.003913667,0.0006417036,2
634,-0.0011087954,0.00038253888,-0.0010396987,2
635,0.009246275,0.0011805445,0.0043207854,2
636,-0.0023497492,-0.0021598786,-0.0008796528,2
638,0.011787146,-0.00064313784,0.0057280064,2
639,0.00969106,-0.0025644265,0.004601747,2
640,0.008775026,-0.004639264,0.00496725,2
642,0.0019879788,-0.003366921,0.00050497055,2
643,0.00053556263,-0.0010099858,0.0009616241,2
644,-0.005339235,-0.00620861,-0.002564162,2
645,0.008313373,-0.0010993518,0.004175864,2
646,-0.0023071766,-0.007062372,-0.0011580512,2
648,0.00826706,-0.003748145,0.0044834986,2
649,0.008656234,-0.00020617619,0.004337646,2
651,-0.003641978,-0.0014509633,-0.0022667348,2
652,0.01150009,-0.00019659474,0.005842507,2
653,-0.00026135147,0.0002690889,-0.0001071319,2
654,0.0020567626,-0.0056306757,0.0019177496,2
655,0.0011284649,-0.006201539,0.0014371797,2
657,0.00051024556,-0.006867517,0.00058829784,2
661,0.0055458993,-0.0039509796,0.0033282042,2
662,0.0021010786,-0.004404638,0.0017414391,2
664,-0.0027123094,-0.0039498694,8.992851e-05,2
665,0.008951366,-0.001683306,0.0044837818,2
666,0.0024672449,-0.0073830523,0.0005276948,2
667,0.005461052,-0.0070565306,0.0022090152,2
668,-0.00040271878,-0.00020499155,0.0007087663,2
670,0.007595375,-0.0047152676,0.00393226,2
672,0.0067761987,0.0011944398,0.0033649877,2
673,-0.002892509,-0.0051718466,0.00042561442,2
674,0.0096087605,-0.0013919733,0.004764743,2
675,-0.0015712678,-0.0061514787,0.0004940778,2
676,0.0045452714,-0.0077300705,0.0014804751,2
677,-0.0064244866,-0.0022388548,-0.0026032254,2
679,0.0050147176,-0.010056246,0.0020387024,2
680,-0.0052654296,-0.005450856,-0.0024909303,2
681,0.00026744604,-0.0028020032,0.0009299591,2
683,0.0027793646,-0.00827251,0.0018645003,2
684,-0.006654322,-0.0014707819,-0.00185626,2
686,0.0012878329,-0.007933933,0.0017840415,2
688,-0.002938524,-0.0070797764,-0.0010056347,2
689,0.010833442,-0.0033355765,0.0054026097,2
690,-0.0055090785,-0.005317915,-0.0030876622,2
692,0.0015453845,0.0029413067,0.00092324615,2
693,-0.0052428395,0.00013124198,-0.0041294247,2
694,-0.0025112182,-0.0059631057,-0.00096717477,2
696,-0.0023272783,-0.0038918592,-0.0015555173,2
697,0.010769978,-0.003391955,0.0045163035,2
698,-0.002247259,0.0013242885,-0.0010819435,2
699,0.010203958,-0.0010360777,0.004828222,2
700,0.0003798455,-0.005020011,0.0008957386,2
701,0.0048507154,-0.0044242255,0.0024146289,2
702,-0.0083333105,-0.0068606324,-0.0038274005,2
703,0.0011349916,0.0018840954,0.00035063922,2
704,-0.0008427501,-0.0034731068,0.00019300729,2
705,-0.0001245141,-0.007389758,0.0011504889,2
706,-0.0011712164,-0.0011929199,-0.00064340234,2
707,0.009277284,-0.003343489,0.0039698407,2
709,0.010600135,-0.0047859214,0.005369045,2
710,0.0034531653,-0.0051433407,0.0020990446,2
711,-0.00020973384,-0.008883674,-0.0015909821,2
712,0.0045098513,-0.008268442,0.001851745,2
715,0.009326398,-0.0016272478,0.005022064,2
716,0.0047605634,-0.008327071,0.0018243864,2
717,-0.0012706667,-0.00039589778,5.067885e-05,2
720,0.009156004,0.0009102933,0.004579507,2
721,-0.0018109232,-0.0008296482,-0.0014346391,2
723,-0.011672884,-0.006360594,-0.005648926,2
725,-0.0018012077,0.0015435144,-0.0010012835,2
728,0.009195015,-0.004396502,0.004248902,2
729,0.01009129,0.0017460287,0.005179487,2
730,-0.004890263,-0.003984634,-0.0016223118,2
731,0.003732726,-0.003347773,0.0022824556,2
732,-0.00038684905,-0.003958095,0.00076568127,2
733,0.0031869262,-0.0072886683,0.0015144795,2
735,0.0035708249,-0.005841721,0.0025094748,2
738,0.0049115717,-0.005365547,0.0037038922,2
739,0.0063109696,-0.0012478605,0.003922373,2
740,-0.00043469667,0.00025867298,0.00027186424,2
742,-0.00029326975,-0.0099311955,0.0013476089,2
744,-0.0012010485,-0.006740894,0.0013545156,2
745,-0.00038713217,-0.0073261745,0.0017392114,2
746,0.00070662796,9.886548e-05,0.0009257272,2
748,-0.0014315844,0.0013781413,-0.00032128394,2
749,-0.004452631,-0.0061473064,-0.0031565055,2
750,0.0077526867,-0.0027252212,0.0037486106,2
751,0.0026813447,-0.006035667,0.0014742017,2
752,-0.0056115836,-0.0058264844,-0.0026247948,2
753,0.0017748028,-0.0074331574,-0.0004951209,2
754,-0.0051933676,-0.004200224,-0.002161041,2
755,-0.0027677566,-0.0032412075,-0.0018535033,2
756,0.007863864,-0.008182365,0.0043355376,2
757,0.0058641285,-0.0046145655,0.002558723,2
758,0.0017188042,-0.00421964,0.00069114566,2
759,-0.0054531693,-0.0025303587,-0.0029421821,2
760,-0.0011598021,-0.006447252,0.00012981892,2
761,-0.004646957,-0.0016024783,-0.0022669137,2
762,-0.0033281595,0.0031828545,-0.002122268,2
763,-0.0022812188,-0.0033570416,-0.00018341094,2
764,0.006444901,-0.003547717,0.0029017404,2
765,-0.005614355,-0.007938091,-0.0021611825,2
766,0.0041265786,-0.0040020756,0.002272956,2
767,-0.00017373264,-0.003909398,0.00047775358,2
768,0.0027245432,-0.0011610687,0.001753524,2
769,-0.0038409233,-0.0024496727,-0.002028048,2
770,0.0036727637,-0.0058450364,0.0022237971,2
772,-0.006680444,-0.0056176,-0.0016081929,2
773,0.00066921115,-0.0020054579,0.001017794,2
775,-0.004089847,-0.004901726,-0.0015609562,2
776,-0.0019972771,-0.006696094,-0.00033128262,2
777,-0.0025637895,0.0017506294,-0.0015136525,2
778,0.00808914,-0.0057189055,0.0039611086,2
780,-0.0010077059,-0.0059388243,-0.0012428313,2
781,0.0020489097,-0.004231613,0.0020431802,2
782,-0.002728641,-0.0061444305,-0.0014058203,2
784,0.0028115064,-0.008574892,0.0013790429,2
785,-0.00046360493,-0.010302883,0.0010928065,2
786,0.007497713,0.0022177957,0.0037728325,2
787,-0.0034315288,-0.008606289,0.00040523708,2
789,0.0015699863,0.0007515438,0.00020549446,2
790,-0.0043517053,-0.009317655,-0.0020729527,2
791,0.0010691732,-0.0071711354,0.0020369291,2
792,-0.0059404075,-0.00064298883,-0.0029011369,2
794,-0.0004194677,-0.00065470114,-0.0007776022,2
795,-0.0035075098,-0.0056767724,-0.00021585077,2
796,-0.0030696392,-0.003165219,-0.00046610087,2
798,0.006865859,-0.0042334534,0.0036179572,2
799,0.003014788,-0.009275351,0.0021125674,2
801,0.0007432103,-0.0040165596,0.0010949075,2
802,0.0021822006,-0.0034419037,0.00069443136,2
806,-0.003613174,-0.00074614584,-0.0020658001,2
807,-0.0008779317,-0.005659703,0.00151667,2
808,-0.001627177,-0.008375648,-0.0016224831,2
809,0.0019141585,-0.0075959973,0.002673097,2
810,-0.0053445697,-0.0025501624,-0.0020442978,2
811,-0.0031250268,-0.003984522,-0.0012081191,2
812,-0.0012198538,-0.0064483173,-0.00045596063,2
813,-0.0010363609,-0.003875088,-0.0003535077,2
814,-0.0007992685,-0.0015638396,-0.00044698268,2
816,0.0018953681,-0.004873704,0.00079900026,2
819,-0.002553761,-0.0018559583,-0.0007144511,2
820,-0.0063335,-0.0045910664,-0.0018128157,2
821,0.000138551,0.00014931336,-0.00067394227,2
824,-0.0017426461,-0.0061131977,2.1204352e-05,2
825,-0.005584508,-0.004334938,-0.003191717,2
826,-0.0027838051,-0.00043925643,-0.0018817112,2
827,-0.0031204373,-0.005453352,-0.0005107522,2
828,-0.0054983348,-6.550178e-05,-0.0023558736,2
830,-0.0006556213,-0.0039641894,-0.00042951852,2
831,-0.0024591982,-0.0016991086,-0.0010055304,2
832,0.0008485913,-0.004126925,0.00093765557,2
833,-0.00092840195,-0.0023511723,0.0005015135,2
834,-0.0034701824,-0.0055149905,-0.00048679113,2
835,0.0015095472,-0.008207608,0.002401881,2
836,0.001428619,-0.00121326,0.0010605827,2
837,0.0068651587,-0.0016392134,0.0035327673,2
838,-0.0071159005,-0.0028453842,-0.0029035136,2
840,0.009112045,-0.0021329783,0.0051191077,2
841,0.002562061,-0.0076087527,0.0008894205,2
842,-0.005873665,-0.0056150593,-0.0023451298,2
843,-0.00554353,-0.004575301,-0.0021763667,2
845,0.00046904385,0.002482336,3.9204955e-05,2
846,-0.005428925,-0.0045926683,-0.0019897372,2
848,-0.008219138,-0.0046832524,-0.0025263727,2
849,0.008261144,-0.0019666739,0.0042887405,2
850,0.00228554,-0.0007971376,0.00096490234,2
851,-0.0057458133,-0.004581269,-0.0024119616,2
852,-0.005541086,-0.0074989237,-0.0013058558,2
853,-0.004874423,-0.0048979633,-0.0014305785,2
854,-0.00010481477,-0.0032963417,0.0008126199,2
855,-0.0017491132,-0.0062793233,0.0006523058,2
857,0.0015122592,-0.0062581636,0.0016471148,2
858,-0.004178986,-0.0037633516,-0.0006746724,2
859,-0.00393565,-0.0037889294,-0.001437664,2
860,-0.002119422,-0.0032585822,-0.00044561923,2
861,0.00040875375,-0.006475363,0.0017609745,2
862,-0.001073122,-0.008912738,0.0011922494,2
864,-0.0008662194,0.0020749643,-0.00012066215,2
866,-0.0047456175,-0.004072983,-0.002146013,2
868,-0.00016340613,-0.0017271452,0.00010445714,2
869,0.0006246269,-0.004341591,-0.00013838708,2
870,-0.00356403,-0.0007712804,-0.0013032928,2
871,-0.00082984567,-0.00029061362,-0.000582546,2
872,-0.0018714964,-0.0013749897,-0.00076857954,2
873,-0.0082259625,-0.0014384761,-0.0032395348,2
874,-0.0070610195,-0.004822392,-0.0028643012,2
875,-0.004250258,-0.0053448565,-0.0006613806,2
876,0.00011231005,-0.008760851,0.0020734146,2
879,-0.0017955452,-0.00770643,0.0005582273,2
881,0.0013682842,-0.0042150505,0.0012981892,2
884,0.0015553236,-0.003997702,0.0013909265,2
885,0.0072725564,0.0010512657,0.0038679987,2
886,-0.0023694783,-0.0050381757,0.00080064684,2
887,0.011059836,-0.006672237,0.0053713173,2
889,-0.0054531395,-0.0033551417,-0.0018097535,2
891,0.00083494186,-0.0011320077,0.0012713671,2
892,-0.0024647117,-0.0015238449,-0.00047822297,2
894,0.0008226782,-0.0010422766,0.0006419048,2
895,0.0024191737,-0.004121233,0.001803711,2
896,-0.0039700866,-0.0049927495,-0.0013107359,2
897,-0.0014529675,-0.003248196,-0.00024315715,2
898,-0.0019466132,-0.004062023,-0.00052160025,2
902,0.0022459626,-0.0064119957,0.0015854836,2
903,-0.0026971102,-0.005432572,0.00025953352,2
904,0.0008842796,-0.006985832,0.0011371076,2
906,-0.004518956,-0.0037048943,-0.00058148056,2
907,0.0066171736,-0.0034151264,0.003370978,2
908,0.009306848,-0.0009258054,0.0042018965,2
909,0.0007546991,-0.0054929443,-0.00059200823,2
910,0.0069485456,-0.008796852,0.0048665255,2
911,-0.0061267316,-0.004064832,-0.0019978508,2
912,-0.0006709099,-0.0065115057,0.00070702285,2
914,0.01239647,-0.0055160485,0.006738439,2
915,-0.0035875142,-0.007252995,-0.0010149628,2
916,0.0020035505,-0.0067280494,0.0022074804,2
917,0.0068627894,-0.00083110854,0.0036335513,2
918,-0.00221093,-0.0034632348,-0.00018728524,2
919,0.0033538938,-0.0076966994,0.0017074198,2
920,0.0030478537,-0.010938663,0.000651367,2
921,0.008377433,-0.002396185,0.0044649467,2
922,0.005191013,-0.0071451776,0.002871871,2
923,0.003233686,-0.0071909316,0.00032055378,2
924,-0.00468868,-0.005631242,-0.0014811233,2
925,0.001360938,0.00024224818,0.0009496808,2
926,0.007284865,-0.002037067,0.004004419,2
927,-0.0035823435,-0.0065241717,-0.00025629997,2
928,-0.00077955425,-0.0060825534,0.00080332905,2
929,0.0033008307,-0.006632779,0.0026105642,2
930,0.00035108626,-0.00558817,0.0025326982,2
933,0.009278819,-0.0029063337,0.0052019805,2
934,-0.003635317,-0.00616939,-0.0016714409,2
935,-0.0013752729,-0.006729465,0.0011062473,2
936,-0.002832964,-0.007878978,8.530915e-05,2
937,0.0018799454,0.0019085258,0.0009845719,2
938,0.001605615,-0.005000759,0.0007104799,2
939,0.0080730915,0.000110115856,0.0038699433,2
940,-0.0015291721,-0.0046033747,0.0008243248,2
941,0.009861454,-0.00035775453,0.0042945743,2
942,0.006442651,-0.004003275,0.0035093129,2
6,-0.004966408,-0.007020477,-0.0051591173,2
7,-0.0089847,-0.0034381486,-0.00627885,2
10,-0.012494311,-0.0042939596,-0.008581936,2
11,-0.007161036,-0.007961165,-0.0047373325,2
13,-0.009308174,-0.008752976,-0.006559029,2
15,-0.005474761,-0.005323138,-0.0049076155,2
16,-0.009294763,-0.0016880631,-0.0069507584,2
19,-0.0055996627,-0.0066991113,-0.004740536,2
26,-0.0077541918,-0.007837344,-0.0055854097,2
28,-0.0058326125,-0.0063269176,-0.0055134296,2
35,-0.010105237,-0.0051594637,-0.007798262,2
37,-0.006665945,-0.008390691,-0.0054844767,2
38,-0.0067775846,-0.0017403886,-0.0064224154,2
39,-0.009393558,-0.005398575,-0.006738223,2
48,-0.00820002,-0.0062693693,-0.0065919533,2
51,-0.002503872,-0.009051498,-0.0027108788,2
52,-0.0051267,-0.0083308555,-0.004316464,2
53,-0.006723255,-0.00755604,-0.005775653,2
60,-0.005854711,-0.0075550564,-0.005536355,2
68,-0.0076443553,-0.008100372,-0.0062091127,2
69,-0.0021051168,-0.008013111,-0.00306537,2
75,-0.011952281,-0.004107762,-0.008627139,2
88,-0.0068502873,-0.0063836463,-0.005534798,2
90,-0.010489285,-0.002913963,-0.006716773,2
101,-0.006933525,-0.0042768605,-0.0048388466,2
120,-0.007081315,-0.0059686936,-0.0061077103,2
123,-0.0066013783,-0.0063582473,-0.0049091876,2
130,-0.005015373,-0.0048063435,-0.0034557953,2
134,-0.009966418,-0.0068469457,-0.0073445737,2
144,-0.009477049,-0.006624248,-0.00741183,2
146,-0.005530745,-0.008283418,-0.004876852,2
148,-0.0066553056,-0.004826706,-0.0049333125,2
155,-0.0044314414,-0.007320065,-0.0040253475,2
156,-0.009857774,-0.004719291,-0.0072445944,2
167,-0.0077275634,-0.0055595003,-0.006323591,2
169,-0.0068908036,-0.004314255,-0.0047122315,2
175,-0.008608058,-0.008217085,-0.0055601,2
176,-0.0034500062,-0.008336876,-0.0034022406,2
190,-0.005744949,-0.0073709823,-0.0057148784,2
202,-0.009157881,-0.006423991,-0.006790705,2
209,-0.007977605,-0.0062093325,-0.005508743,2
216,-0.0060019195,-0.006781716,-0.0051205903,2
218,-0.0007876903,-0.009009089,-0.0024947226,2
222,-0.0043783933,-0.00628772,-0.004680641,2
237,-0.008942708,-0.0025391355,-0.0072399527,2
241,-0.0048637986,-0.00578152,-0.00471133,2
246,-0.007194549,-0.0008917488,-0.0054641366,2
252,-0.00661391,-0.0029087178,-0.004946165,2
256,-0.006057307,-0.0100076385,-0.0046066195,2
261,-0.00888896,-0.0032113306,-0.007167116,2
262,-0.011888221,-0.0058640353,-0.0076425225,2
270,-0.011118293,-0.00915746,-0.007473983,2
273,-0.0063372254,-0.005303707,-0.004599631,2
279,-0.0067305565,-0.0060530044,-0.00597921,2
281,-0.011075318,-0.0067393817,-0.0077728257,2
289,-0.0112773925,-0.0021262206,-0.007038772,2
290,-0.0069544166,-0.0045589693,-0.004344426,2
318,-0.0075510144,-0.0067874007,-0.005881205,2
321,-0.0056826323,-0.0055922307,-0.0040941164,2
325,-0.0031986535,-0.0034466647,-0.003051281,2
326,-0.011837989,-0.0033069365,-0.0082024485,2
327,-0.005631447,-0.00806484,-0.0031336397,2
337,-0.0056910813,-0.0055239014,-0.0036695227,2
338,-0.0042402297,-0.008129049,-0.00338687,2
343,-0.008961201,-0.0070127957,-0.005836904,2
348,-0.0073532313,-0.0049238764,-0.004711412,2
349,-0.01175414,-0.0047639273,-0.008631848,2
353,-0.007650152,-0.005813118,-0.006202124,2
363,-0.009168401,-0.004889343,-0.0067621693,2
364,-0.0074481666,-0.0066423006,-0.0058378503,2
372,-0.006651312,-0.003921788,-0.004255809,2
376,-0.008087903,-0.0026315488,-0.00490731,2
377,-0.00866729,-0.0023811013,-0.0058843642,2
378,-0.006634429,-0.006772455,-0.0057278574,2
379,-0.009298369,-0.007764671,-0.0068389475,2
390,-0.013619691,-0.006124649,-0.009144634,2
396,-0.0055060983,-0.006993886,-0.004503064,2
406,-0.010256752,-0.008827146,-0.0072369203,2
408,-0.009814769,-0.007433232,-0.007047862,2
410,-0.001636222,-0.0091554485,-0.0018294081,2
411,-0.0076768547,-0.005322363,-0.004679404,2
429,-0.009218931,-0.0052385814,-0.0067299157,2
430,-0.009252667,-0.0055316873,-0.006803237,2
431,-0.009731993,-0.0036740266,-0.006852068,2
442,-0.008483574,-0.010750387,-0.0064138845,2
455,-0.0070154667,-0.003529545,-0.005680412,2
457,-0.008470625,-0.007542152,-0.0064330995,2
459,-0.010607421,-0.0027173199,-0.0067881867,2
470,-0.012140527,-0.003891375,-0.008706793,2
472,-0.010893345,-0.0071416683,-0.007546909,2
481,-0.0063251555,-0.008908998,-0.005300984,2
482,-0.010961369,-0.006329041,-0.007680796,2
483,-0.009161636,-0.0047881715,-0.0066728294,2
489,-0.0053942204,-0.0043308027,-0.00499741,2
494,-0.01178056,-0.004274968,-0.007931367,2
495,-0.00388816,-0.0070384555,-0.0041650757,2
496,-0.010377467,-0.006141562,-0.007743381,2
497,-0.008357048,-0.003737945,-0.004856162,2
502,-0.0022362173,-0.007467393,-0.0018822402,2
513,-0.0026957095,-0.009101491,-0.0030198544,2
516,-0.00474295,-0.0062704645,-0.0056918934,2
519,-0.0061025023,-0.0021636859,-0.004106976,2
524,-0.006779507,-0.009703752,-0.0049560517,2
532,-0.0067228973,-0.0060533397,-0.006144315,2
536,-0.009438202,-0.0062608235,-0.0066140518,2
543,-0.0037492216,-0.0049555786,-0.0043166876,2
545,-0.0037475675,-0.008536581,-0.004279591,2
550,-0.0050382614,-0.008042116,-0.004476756,2
552,-0.011311591,-0.0033587106,-0.0072223395,2
556,-0.007310316,-0.006412212,-0.0056990758,2
559,-0.010539085,-0.004022587,-0.0074419826,2
561,-0.008391112,-0.0011847541,-0.006358959,2
574,-0.0037944764,-0.009824347,-0.003181301,2
583,-0.00960286,-0.0041599907,-0.0069354996,2
587,-0.008609265,-0.0053974427,-0.006585516,2
590,-0.009706855,-0.00667597,-0.0070596635,2
591,-0.010035679,-0.002572257,-0.0070597976,2
601,-0.0076987,-0.0038753562,-0.0055104718,2
603,-0.009599954,-0.008572739,-0.007105477,2
606,-0.01230368,-0.0054000057,-0.007891737,2
610,-0.009330183,-0.007738266,-0.006678112,2
619,-0.012374565,-0.0054063685,-0.008234084,2
622,-0.013430834,-0.004096631,-0.009605095,2
623,-0.008929208,-0.010035526,-0.0061970353,2
632,-0.0058922023,-0.0018053502,-0.005066298,2
637,-0.009312585,-0.0032415427,-0.0063620955,2
641,-0.007997915,-0.008419853,-0.0058481544,2
656,-0.002935022,-0.0054961927,-0.003849186,2
658,-0.008257255,-0.00833888,-0.0060038045,2
659,-0.004459068,-0.0064472146,-0.0048417,2
660,-0.00709942,-0.0032883696,-0.0054678246,2
663,-0.0113307685,-0.0046296306,-0.0072337687,2
669,-0.0058804452,-0.0069259964,-0.0048504174,2
682,-0.007551089,-0.007256698,-0.006386876,2
685,-0.0036215037,-0.0091053955,-0.0037849545,2
687,-0.0067908764,-0.006688308,-0.006071195,2
691,-0.0070738196,-0.0061512925,-0.0061236843,2
708,-0.009119824,-0.0050231405,-0.007020317,2
713,-0.004491046,-0.010178771,-0.0034571663,2
718,-0.008443698,-0.0052852444,-0.0064884275,2
719,-0.006019607,-0.007911649,-0.0054567605,2
726,-0.0045969784,-0.005050216,-0.004058413,2
736,-0.003567949,-0.002098281,-0.0032265782,2
737,-0.011251196,-0.00503153,-0.007172443,2
743,-0.007461071,-0.007827733,-0.0056171864,2
774,-0.005522415,-0.006144952,-0.0035719275,2
783,-0.010297626,-0.001211714,-0.0068622753,2
804,-0.013292283,-0.006421242,-0.008260399,2
805,-0.011919633,-0.0039762445,-0.007787578,2
818,-0.010983333,-0.0047622733,-0.008066952,2
823,-0.006132692,-0.0067457296,-0.0053785145,2
839,-0.008093521,-0.0076628514,-0.0061808378,2
863,-0.0027554035,-0.0069694035,-0.0020193458,2
865,-0.009233877,-0.0054211207,-0.0068617538,2
877,-0.009684578,-0.0054232143,-0.0066776797,2
878,-0.007812604,-0.008679356,-0.0059238523,2
883,-0.008184105,-0.0065031983,-0.0048094764,2
888,-0.0069371164,-0.0042486824,-0.0058027953,2
890,-0.0067554563,-0.008768726,-0.0055312887,2
899,-0.0072714835,-0.0041476004,-0.005950086,2
905,-0.007953793,-0.006926235,-0.006342314,2
931,-0.004847139,-0.007901508,-0.0040943474,2
0,-0.015125096,0.00051992387,-0.009809978,3
2,-0.015564591,-0.0009846538,-0.008994423,3
3,-0.015197799,-0.002924595,-0.010136016,3
4,-0.01268132,-0.0014880374,-0.0093610585,3
5,0.0033390075,-0.007850666,0.00018166006,3
6,-0.008685529,-0.002001118,-0.008491248,3
7,-0.011566073,-0.0021465942,-0.007317893,3
9,-0.007589355,0.0034390017,-0.005803317,3
11,-0.0057953894,-0.0041533224,-0.004432097,3
12,0.0041332543,-0.008309413,0.0010203496,3
15,-0.004061267,-0.006776195,-0.0023597628,3
17,-0.015764058,-0.0034648962,-0.010380723,3
18,0.0012580305,-0.008338537,0.00017432868,3
19,0.005819291,-0.00933205,0.0014648587,3
21,-0.0011076629,-0.0062485,-0.002331905,3
22,0.0021619052,-0.009482648,0.001579389,3
23,-0.014662638,-0.0010122098,-0.008153066,3
24,-0.014142767,-0.003976647,-0.010050409,3
26,0.002748549,-0.0051819645,-0.0009931326,3
28,0.005269721,-0.007551383,0.0025776178,3
29,-0.0170438,-0.0021015257,-0.011582598,3
30,-0.008186221,0.0011906289,-0.0063283294,3
32,-0.0026960373,0.0039852895,-0.0045162737,3
33,-0.014725819,-0.0031426735,-0.01037918,3
34,-0.013066754,-0.0025034249,-0.009814233,3
36,-0.008620188,-0.0029846318,-0.008017421,3
40,-0.0072567314,-0.0016019754,-0.005068995,3
41,-0.008257061,0.001593966,-0.005679019,3
43,-0.00021503866,-0.00047611445,-0.0033802614,3
44,0.004014373,-0.009755421,0.0013100281,3
45,-0.013789639,-0.0036983453,-0.0097378865,3
46,-0.0013705939,-0.0032141618,-0.0021739975,3
49,-0.006374657,0.0012111254,-0.00514061,3
50,-0.012526944,-0.0027679242,-0.008183412,3
51,-0.005190924,-0.002630435,-0.00540141,3
53,-0.013140246,-0.0029170997,-0.010109961,3
56,-0.011621505,0.0003875047,-0.0072170123,3
60,0.0020513535,-0.0098834,0.0006929934,3
61,0.0032511652,-0.008948598,0.00066642463,3
63,0.004055336,-0.0054877214,0.00072259456,3
64,-0.01437825,-0.0037186705,-0.009598263,3
66,0.0012273043,-0.0081329085,-0.0023170263,3
70,0.0057385117,-0.010891039,0.0018878207,3
72,-0.0037570745,-0.0074751787,-0.0057881624,3
73,-0.017210752,-0.00097254664,-0.0101411715,3
75,-0.013004556,-0.0026461855,-0.00961218,3
76,0.0028167218,-0.0073379837,-0.00013828278,3
77,0.002670303,-0.008992951,-0.0003791526,3
78,-0.014402464,0.0022137202,-0.008613862,3
79,-0.0027734786,-0.00028133392,-0.0038234368,3
80,-0.008321896,4.0162355e-05,-0.0071312934,3
81,0.0010685921,-0.0075972863,-0.0022934005,3
83,-0.01327917,0.0011551529,-0.008766443,3
84,-0.0019399822,0.0008374527,-0.0030985624,3
85,0.0012382269,-0.007866006,-0.0002752766,3
86,-0.0064632595,0.0005346872,-0.0052935556,3
87,-0.0019013435,-0.0031851418,-0.0022252873,3
88,-0.0048039407,-0.003654059,-0.004747182,3
92,-0.012467235,-0.0007899739,-0.008684993,3
93,-0.013237163,0.0022552386,-0.008771442,3
94,0.0046127588,-0.0066498183,0.00031618774,3
96,-0.001427114,-0.010675546,-0.00085058063,3
97,-0.013541415,0.0022795014,-0.008375913,3
100,-0.005586818,-0.0044512562,-0.0062954053,3
101,-0.008720726,0.0036692657,-0.006887175,3
102,-0.011112377,-0.0019914433,-0.009212382,3
103,-0.0065049827,0.00202322,-0.0060025826,3
105,-0.0133253485,-0.00027833506,-0.009522647,3
106,-0.0004885644,-0.0007934235,-0.0024893284,3
107,0.0039939582,-0.0081576,-0.00013866276,3
110,0.0038807243,-0.009639937,0.0012346059,3
112,0.0021464527,-0.007495042,0.00057423115,3
113,0.00019228458,-0.009777661,0.00075653195,3
114,-0.0020944327,-0.0053499453,-0.0046059936,3
115,-0.013902038,-0.0012679026,-0.008308612,3
116,0.0015874505,-0.0064764433,-0.0013745353,3
117,-0.007815927,0.0004410781,-0.0057088286,3
119,-0.0006006509,-0.0053467415,-0.00065051764,3
121,-0.01099585,-0.0021074377,-0.007303804,3
123,-0.0149169415,-0.0030910708,-0.009590656,3
124,-0.013993636,-0.0011255741,-0.009169519,3
125,0.0026384294,-0.00602765,-0.0011500493,3
126,-0.010680765,-0.003209833,-0.008028865,3
127,0.00040610135,0.0018392093,-0.002862461,3
128,-0.0010295361,-0.003732469,-0.0025444925,3
129,-0.012052402,-0.0026464872,-0.008712687,3
130,-0.00061532855,-0.003503222,-0.002347216,3
131,-0.0016200691,-0.0054771937,-0.0051550716,3
132,-0.014145747,-0.0033646114,-0.009456754,3
133,-0.0030038357,-0.0047047995,-0.0031741336,3
134,-0.01493977,0.0007586889,-0.010032304,3
135,-0.00024589896,-0.0050500073,-0.003304325,3
137,-0.010214537,-0.0029841848,-0.009020761,3
138,0.0007817298,-0.006656412,-0.002143681,3
139,-0.009425923,-0.00072474405,-0.0065111145,3
140,0.005474061,-0.008549746,0.0016262233,3
142,0.0030256063,-0.008310322,0.0008550361,3
143,-0.009518772,0.0026472956,-0.0069057196,3
144,-0.010770708,-0.0003592074,-0.00655628,3
145,-0.0139852315,-0.0026809052,-0.010391921,3
146,-0.0034828186,-0.0057859384,-0.0023020655,3
147,0.006122753,-0.006487835,0.0005471632,3
148,-0.016454056,-0.0009010546,-0.00908871,3
149,-0.014926046,-0.00042816624,-0.008758277,3
151,-0.0010531396,-0.0056894757,-0.0010314062,3
153,-0.009681702,0.0010251254,-0.0065251663,3
156,0.0056631565,-0.010225158,0.0017686635,3
157,-0.0011072904,-0.006280128,-0.0047641248,3
160,0.0016385764,-0.005529966,-0.0014247522,3
161,-0.016020149,0.000395108,-0.010921463,3
162,-0.0045555085,-0.00536808,-0.002600409,3
163,-0.013522014,-0.0010908544,-0.00885886,3
164,-0.011963874,-0.0017309636,-0.007421203,3
165,0.00438343,-0.008882355,0.0027692765,3
166,0.0037039816,-0.009208787,0.0012770593,3
167,-0.0063427687,-0.005124565,-0.0032385588,3
168,-0.010769442,-0.0012890063,-0.0069842115,3
169,0.004761949,-0.0074881054,0.0010516569,3
170,-0.0004925281,-0.007467117,-0.001814656,3
171,-0.010536119,0.00022155419,-0.007957518,3
174,0.005090952,-0.009812031,0.002670318,3
175,-0.013164148,-0.003763143,-0.008970618,3
176,-0.0003284067,-0.0006109141,-0.0019944683,3
178,0.0024242252,-0.0083628185,-6.2674284e-05,3
181,-0.005775526,-0.0076620467,-0.003232345,3
182,-0.012927875,0.0016188584,-0.00873673,3
183,-0.015050307,0.0020185485,-0.0096673295,3
185,-0.0064068437,0.0010987334,-0.005478665,3
188,0.00079257786,-0.0053687133,-0.0019265413,3
189,-0.014496371,-0.002259802,-0.009462841,3
190,-0.00043700635,-0.0019802041,-0.0020304397,3
192,0.001927942,-0.011202548,0.00014001876,3
195,-0.0048929304,-0.0069502406,-0.0066700503,3
196,0.0022187978,-0.0027760193,-0.0012924671,3
198,-0.01418452,0.00031072274,-0.009431206,3
200,-8.6426735e-07,-0.006071452,-0.0025797486,3
201,-0.011195585,0.0023470446,-0.0072556734,3
203,-0.0076183975,0.00031119585,-0.0049951524,3
204,0.0005275607,-0.0048238523,-0.002126485,3
209,-0.004179403,-0.008599002,-0.0027252063,3
210,0.004324645,-0.0063051023,0.00020316243,3
211,0.0024601817,-0.0070456825,0.00029957294,3
212,0.0031772554,-0.008056689,0.00025971234,3
213,-0.0014875382,-0.003967043,-0.0019001514,3
215,0.0002143085,-0.003331948,-0.0035589486,3
216,-0.0051694363,-2.9169023e-06,-0.0048344135,3
218,-0.003573686,-0.0042774566,-0.004683435,3
219,-0.0141711235,-0.002251055,-0.009939313,3
220,0.006066054,-0.0059943385,0.0005199164,3
222,-0.007473871,-0.004220482,-0.0035065264,3
223,-0.016737878,-0.00066677853,-0.010150932,3
224,0.0073082596,-0.007365588,0.0023048967,3
225,0.0044569075,-0.0047356524,0.00015483052,3
226,0.004262835,-0.009318788,0.00086220354,3
228,-0.0119863,-0.0042275153,-0.006615028,3
229,0.003622368,-0.0095419325,0.00025977194,3
230,-0.006495446,-0.003462378,-0.00572294,3
234,0.0019465089,-0.007950131,0.00023645908,3
236,0.0023307055,-0.00704379,-0.00020242482,3
237,-0.0049875528,0.0018014349,-0.005356908,3
238,-0.006438136,-0.0013865344,-0.005732678,3
240,-0.01531665,-0.00013415888,-0.009708025,3
242,-0.01414597,-0.0028745867,-0.010163382,3
247,-0.020794868,0.000639122,-0.012936726,3
248,0.0028838664,-0.007857595,0.001373142,3
250,-0.008355081,0.0019773096,-0.0065020993,3
252,-0.008270487,0.0022299923,-0.007586807,3
256,-0.0016897023,-0.007750895,-0.0026667938,3
257,-0.010773033,-0.001278922,-0.007956475,3
258,-0.0042548627,-0.0067517646,-0.005348079,3
259,-0.005560279,0.00058069825,-0.004564658,3
260,-0.007240832,0.0012478344,-0.0065340474,3
262,-0.0011077821,-0.0075353496,-0.004120283,3
263,0.004633844,-0.010493461,0.0031419396,3
265,-0.00058577955,-0.0062670447,-0.0021277368,3
266,-0.010126829,-0.004151549,-0.006357424,3
267,-0.005856991,-0.0054671727,-0.002856955,3
269,0.00061406195,0.000938192,-0.0027574971,3
270,-0.0024421662,-0.007821556,-0.000893645,3
272,-0.005102068,-0.0031098984,-0.0042105094,3
273,0.0031274855,-0.0062887184,-0.0009460375,3
274,0.0034039766,-0.0075465553,0.00120873,3
275,0.0016374141,-0.0065472983,-0.00070147216,3
276,-0.013852835,-0.0019202828,-0.010646112,3
277,-0.012349814,-0.0010296144,-0.0076773986,3
279,0.00522767,-0.0073687173,0.0006161332,3
283,-0.0067703724,-0.00049082935,-0.005865328,3
284,0.0018721223,-0.009453792,4.9747527e-05,3
288,-0.012175277,2.7559698e-05,-0.0074530244,3
289,-0.013493866,0.00069640577,-0.007411808,3
290,-0.011202902,-0.000275705,-0.008558281,3
292,-0.010682553,0.0029407404,-0.0072405264,3
293,-0.00022026896,-0.009829778,-0.0015160069,3
296,-0.00088594854,-0.006228108,-0.00041255355,3
298,0.004469931,-0.009560127,0.0025196075,3
303,-0.012214482,-0.0038047992,-0.008382991,3
304,-0.012733012,-0.0034932382,-0.008679718,3
305,-0.013285816,0.00054654106,-0.008134812,3
311,-0.0009845495,-0.005448092,-0.003934182,3
315,-0.009362727,-0.0016246438,-0.0066115484,3
318,-0.0031208098,-0.005674619,-0.0024050847,3
319,-0.010129109,0.0030343607,-0.007413052,3
323,-0.004197955,-0.005799558,-0.0025006533,3
324,0.0037540793,-0.004301708,-0.0002815798,3
325,0.0007543117,-0.007624928,-0.00068671256,3
327,0.0016559958,-0.006539773,-0.0010536835,3
330,0.0014668703,-0.010201912,0.0013785511,3
333,-0.0015140474,-0.0026172958,-0.0035330057,3
334,-0.0152029395,0.0020707957,-0.009696163,3
337,0.00324139,-0.008012187,-0.0006653443,3
340,-0.013159081,-0.0026805513,-0.007878505,3
341,-0.013126552,0.0020976402,-0.009465143,3
343,-0.013047814,-0.0005874112,-0.007978864,3
345,-0.0111774355,-0.001461029,-0.008369543,3
347,-0.009790942,0.0015146285,-0.0071564317,3
348,-0.0087171495,0.0018369146,-0.006131828,3
350,-0.016291425,-0.0017472133,-0.010104902,3
351,-0.011963844,-0.0042847134,-0.007355213,3
352,-0.010442421,-0.0009066835,-0.007360913,3
353,-0.003700167,-0.008201804,-0.0015565008,3
356,-0.0008235872,-0.0037947185,-0.0028332472,3
357,0.00067688525,-0.003359314,-0.001996234,3
358,-0.01003553,-0.002376005,-0.007408969,3
361,-0.0016049743,-0.007250469,-0.001109995,3
362,0.00417608,-0.008829374,0.0013300925,3
363,-0.01337032,-0.0047463067,-0.009762399,3
364,0.0018142909,-0.008085202,-0.00014278293,3
367,-0.00092817843,-0.005004447,-0.0016206205,3
368,-0.003959641,0.00031206757,-0.0036617368,3
369,0.0056357235,-0.008333188,0.0021196604,3
370,-0.00084356964,-0.005616311,-0.0030094013,3
372,-0.015212387,-0.0025995336,-0.00801757,3
375,-0.0032234192,-0.0045259185,-0.0020227581,3
379,0.0023661107,-0.012193177,0.0028135926,3
380,-0.014714822,-0.0023718774,-0.007997684,3
381,-0.011882395,-0.0016633831,-0.009325393,3
382,-0.010432661,0.0041775852,-0.0075809136,3
383,-0.0014742613,-0.0076691024,-0.000999324,3
385,-0.002633959,-0.0040344633,-0.0025836602,3
386,-0.017019972,-0.0017497726,-0.011711299,3
387,-0.015073821,-0.0018637069,-0.010761879,3
391,-0.001811862,-0.0045620687,-0.00075505674,3
392,0.005485326,-0.010672059,0.0027477965,3
394,-0.007999465,0.0015252456,-0.0063702688,3
396,-0.0020790547,-0.0014997274,-0.0038429722,3
398,-0.00073210895,-0.0077614672,-0.002063334,3
399,-0.00014424324,-0.008181844,-0.0026297644,3
402,-0.015909433,-0.00030617043,-0.011426516,3
406,1.3247132e-05,-0.0056844316,-0.0007994026,3
411,0.0017168969,-0.00737356,-0.0002630353,3
413,-0.0095650405,-0.0026800036,-0.005880475,3
414,-0.003222227,-0.0062657855,-0.0021909922,3
415,-0.005424008,-0.006529417,-0.0027842894,3
416,0.0029619336,-0.008992862,0.0007833764,3
420,0.0014988929,-0.007176686,-0.0008774772,3
422,0.0045522302,-0.008428667,0.00162182,3
423,-0.008698851,-0.003050942,-0.008210167,3
424,0.0021631569,-0.0067601763,0.0009335205,3
425,-0.011868313,-0.0016902387,-0.0074775517,3
426,-0.009097025,0.00088645145,-0.005717844,3
427,0.0015925616,-0.006061148,-0.00035815686,3
428,-0.007562503,-0.005174767,-0.004176475,3
429,-0.0032188445,-0.0044904463,-0.0017229393,3
431,0.000992164,-0.00532021,-0.00089441985,3
432,-0.0011290908,-0.0059610642,-0.002168268,3
433,0.003221348,-0.0064884983,-0.00047466904,3
436,-0.010496303,0.00039708614,-0.0093213245,3
438,0.004614845,-0.0032694228,0.00033404678,3
439,0.0056267083,-0.009655934,0.0020429417,3
440,-0.00613825,0.0012376718,-0.005294524,3
442,-0.0029046535,-0.00078200176,-0.0035929307,3
443,-0.015001506,-0.0031425543,-0.010367498,3
448,-0.0031155348,-0.0065743737,-0.0022167116,3
451,-0.0055196583,-0.0017117187,-0.0041423067,3
453,-0.0012716949,0.0026552305,-0.0031373575,3
457,0.0074641705,-0.006903168,0.0029188693,3
459,-0.0014658868,-0.007649552,-0.0024681687,3
460,0.0031890273,-0.007925142,0.00015211105,3
461,0.0021042228,-0.0037095882,-0.0003799945,3
463,-0.0072720796,-0.008176912,-0.0033492148,3
465,0.0021011978,-0.009106275,0.0009232238,3
468,-0.0016362369,-0.008186508,-0.00042662024,3
469,-0.005745694,0.00022844225,-0.005136423,3
470,-0.0012051612,-0.009906899,0.0004780367,3
471,-0.011182785,-0.0013291724,-0.008177608,3
473,-0.015898138,0.0017619915,-0.009615898,3
476,-0.0038761795,-0.004062023,-0.0021662787,3
478,0.00321801,-0.0069624297,-6.235391e-05,3
480,-0.012502164,-3.0759722e-05,-0.00865452,3
481,0.0024216473,-0.006833289,-0.00016738474,3
482,-0.0006791204,-0.0046862923,-0.00092312694,3
483,0.00420554,-0.007926401,0.00045074522,3
486,-0.0036407858,-0.0007681288,-0.0040820464,3
487,-8.0138445e-05,-0.007247295,-0.0016033798,3
490,-0.012658298,0.0032515675,-0.008717246,3
491,-0.017276108,0.00011089444,-0.010518476,3
492,0.0013878196,-0.0054286905,-0.0028482303,3
493,0.006385073,-0.008075792,0.0018096194,3
495,0.0039242357,-0.006318081,0.0011758879,3
497,-0.00040525198,-0.0034573413,-0.0029140636,3
498,-0.01890874,-0.001276873,-0.0123812705,3
499,8.574128e-05,-0.0053224973,-0.0022108704,3
501,-0.0031894594,-0.0029165111,-0.0022593886,3
505,0.0039385855,-0.0071848445,0.0007016659,3
507,-0.002146691,0.0021730699,-0.003270708,3
509,-0.011856824,-0.0002278462,-0.00840503,3
511,-0.014564738,-0.0049334057,-0.0075175017,3
513,-0.009575516,0.0020579621,-0.007959761,3
515,0.00051391125,-0.008705918,-0.0015275329,3
516,0.00015878677,-0.0010133237,-0.0020189732,3
517,0.0041678995,-0.00913414,0.0010576397,3
518,0.00014612079,-0.0011156388,-0.0027202368,3
519,-0.002699852,-0.008784588,-0.0016747266,3
520,0.004001498,-0.010809254,0.0020629838,3
521,-0.010779664,-0.00393134,-0.008160755,3
522,-0.0036543757,0.0018401705,-0.004625283,3
523,0.0028380156,-0.009638149,0.0006629154,3
524,0.0037899017,-0.008260768,0.00058057904,3
525,0.005986169,-0.0060622953,0.0013401285,3
526,0.0021356195,-0.0086383335,0.0014493838,3
530,-0.017521232,-0.0024687387,-0.009574465,3
531,-0.013880923,-0.0008655675,-0.0076119453,3
536,0.0033740401,-0.0102364905,0.0012445301,3
537,0.00019060075,-0.0065708123,-0.0010742992,3
540,0.0010412633,-0.0056043454,-0.0017362535,3
542,-0.01404278,-0.00026486441,-0.00900536,3
544,0.00036770105,-0.0028791912,-0.002226226,3
545,-0.0013407469,-0.0065746866,-0.0029107854,3
546,0.0027062148,-0.008103732,-0.0001706034,3
547,-0.015175641,-0.001001019,-0.010720946,3
548,0.0048713237,-0.0054817833,-0.00019650906,3
549,0.00031341612,-0.0077052973,-0.0007985607,3
550,0.0027579218,-0.009450834,0.0021127164,3
552,0.00367032,-0.006346833,-0.00024137646,3
554,0.0015675873,-0.0070167147,-0.0015818253,3
555,0.006350696,-0.00802343,0.0013445541,3
558,-0.0052123517,0.00050161034,-0.0050987154,3
561,-0.012910783,-0.00064631924,-0.008407205,3
562,-2.3201108e-05,-0.006069023,-0.0021123588,3
563,-0.014703065,-0.005054597,-0.009822406,3
564,0.004376054,-0.008009482,0.00080263615,3
566,0.0003529191,-0.008363139,-0.001813747,3
569,-0.0021558404,-0.0060017817,-0.0012580082,3
570,0.0032260418,-0.007960435,0.00071758777,3
571,-0.012677461,-0.0009792186,-0.008902065,3
573,-0.006087303,-0.0046363436,-0.0031852797,3
574,-0.0018294603,0.004145775,-0.003629513,3
575,0.0019403547,-0.0072591193,-0.00059615076,3
577,0.0006746501,-0.0048436336,-0.0015460625,3
578,-0.0026481897,-0.0017394274,-0.0041537136,3
579,-0.014393538,-0.0024180003,-0.01000727,3
580,-0.00875634,0.001660224,-0.007151328,3
581,-0.009068802,0.0014923848,-0.006451957,3
582,0.003522262,-0.010376718,0.002593249,3
583,0.0012038946,-0.0057145767,-0.0012110323,3
585,0.0015035421,-0.01169819,0.001341261,3
586,-0.005494386,-0.0019871406,-0.005206041,3
587,-0.0030446202,-0.0036295615,-0.0032675564,3
588,0.0028664768,-0.009068932,0.0014112964,3
589,0.0014086515,-0.006090652,-0.0012072548,3
590,0.0046355873,-0.007995237,0.0009986907,3
593,-0.016384616,-0.005304631,-0.011094809,3
594,0.0043751597,-0.004494313,-0.00014478713,3
595,0.000977099,-0.009011913,0.0002116561,3
599,0.003118053,-0.007555846,0.0010213181,3
600,-0.017000362,-0.0012037978,-0.011287749,3
602,-0.004843071,-0.0046484433,-0.0032797158,3
603,-0.0038809776,-0.004796434,-0.002160415,3
604,-0.0017289668,-0.00075706095,-0.003326781,3
605,0.007482335,-0.008989286,0.0029623732,3
607,-0.00022614002,-0.0032094307,-0.0013058186,3
608,-0.011766106,0.0034212247,-0.008662105,3
609,-0.0044647157,-0.004642185,-0.0031749532,3
610,0.0018914491,-0.005228933,-0.00022928417,3
611,0.0013060868,-0.002795238,-0.0017152652,3
612,-0.002063945,-0.008732427,-0.0022815466,3
614,-0.014681011,-0.0020809844,-0.010128528,3
616,0.0036663562,-0.006933991,0.0010474101,3
617,-0.0111255795,0.00019717962,-0.008396082,3
618,-0.006927088,-0.00048341602,-0.0046665445,3
619,-0.0005172193,-0.0046337955,-0.0025214627,3
620,0.0044039637,-0.009036865,0.0018160045,3
621,-0.013245791,-0.0016104579,-0.009965412,3
622,0.0035758615,-0.0091030635,0.0012686253,3
625,0.0049854517,-0.0055863447,0.00025056303,3
626,0.0021100938,-0.005245734,-0.0017333552,3
629,0.006183058,-0.010238122,0.0027763173,3
631,-0.0093637705,0.0007924661,-0.0064581186,3
633,-0.0067780763,-0.00031692535,-0.0048774555,3
634,0.0066461414,-0.0067812987,0.0034100562,3
635,0.0010910034,-0.0066961832,-0.00055538863,3
636,0.005744055,-0.0069626383,0.0026879534,3
638,0.0018175244,-0.0058615617,-0.0018267706,3
639,-0.001244396,-0.0027654544,-0.0032632723,3
640,0.0046444684,-0.009710219,0.0022335425,3
641,-0.0114558935,-0.0032865591,-0.008161776,3
642,-0.00041393936,-0.0036032535,-0.0024066865,3
648,0.0011434704,0.0003069751,-0.002610065,3
649,-0.012236938,-0.0020939335,-0.008784093,3
651,0.0038331598,-0.0063901655,-0.0005658567,3
654,-0.00036276877,-0.005162794,-0.0006281808,3
655,0.0064545125,-0.009234194,0.0010190755,3
658,-0.0028245896,-0.0054329745,-0.0019016191,3
659,-0.004674509,-0.0056170933,-0.0027047023,3
661,0.003139332,-0.010292184,0.0010568053,3
663,0.002351582,-0.0096641295,0.00016309321,3
664,-0.011386022,0.0021976642,-0.007892549,3
668,0.0006028116,-0.0030631535,-0.0018786564,3
669,-0.016974896,0.00024626777,-0.010104887,3
670,-0.016370356,-0.0009865351,-0.009856701,3
671,0.0033990145,-0.0069993176,0.0008415878,3
672,0.0036839694,-0.008454796,0.0015067533,3
673,0.003658384,-0.008894872,-0.0003485456,3
674,-0.014836207,-0.0024504252,-0.008809082,3
675,-0.00023858249,-0.0060084425,-0.0032439828,3
677,0.0020918846,-0.0089681335,3.6902726e-05,3
680,-0.0034735948,-0.005538162,-0.006180413,3
681,0.0039030015,-0.007276077,-0.00041421503,3
682,-0.016295582,0.0027109385,-0.010119878,3
683,-0.012732893,-0.0034805723,-0.008915931,3
685,0.004500985,-0.009335291,0.0023506507,3
686,0.0054791123,-0.006304685,-0.0001122877,3
687,0.0036287755,-0.009671751,0.0016678721,3
688,-0.0032571554,-0.005155023,-0.0018434525,3
689,-0.007694438,-0.0003487207,-0.005064048,3
691,-0.003941804,-0.006370697,-0.00295683,3
693,0.003422901,-0.0059487633,6.971508e-05,3
697,-0.012418315,0.0026788414,-0.008805856,3
698,0.0017632693,-0.0056242608,-0.0013225004,3
699,0.0015300363,-0.0073753186,-0.0007496625,3
700,-0.0126345605,-0.0014987402,-0.009697944,3
701,-0.0021400303,-0.0039501153,-0.0028414577,3
702,0.0010897964,-0.0066800974,-0.0009911209,3
703,-0.013767302,0.0016860813,-0.008869886,3
704,-0.013728544,-0.0006984398,-0.008762404,3
705,-0.0053272247,-0.0025904663,-0.005204931,3
706,0.0052126795,-0.008183565,0.0015999824,3
707,0.0029746443,-0.005526554,0.00035188347,3
708,-0.001817897,-0.0020711944,-0.0030810162,3
709,-0.019379035,-0.0030536465,-0.011977248,3
710,-0.016002625,0.00059213117,-0.01031059,3
711,-0.0032804012,-0.009392794,-0.0013632923,3
712,-0.0046711415,-0.0025292784,-0.005319312,3
713,-0.004072398,0.0007980466,-0.004996538,3
715,0.0029464066,-0.0073699467,-0.0014343932,3
716,-0.015343368,0.0016581826,-0.009480491,3
719,-0.014444932,-0.0030333586,-0.010243893,3
720,0.0025883466,-0.008028869,0.0004930496,3
721,-0.009471253,0.0017469674,-0.0070068166,3
725,-0.0005707443,-0.0075595714,-0.0030728132,3
726,0.004157856,-0.0087710805,0.0010911375,3
728,0.0055300295,-0.0077957027,0.00042402,3
729,-0.015609086,-0.00035161898,-0.011195563,3
730,0.0009846389,-0.006622318,-0.0017969012,3
731,0.0031362772,-0.007136937,-6.186962e-05,3
732,-0.0085758865,-0.0047035627,-0.0040969104,3
733,-0.008091271,-0.0049711727,-0.0072848126,3
735,-0.012262523,-0.0038057975,-0.00904765,3
737,-0.007406622,-0.0019737855,-0.0068254173,3
739,0.0032713264,-0.012075078,0.0024288595,3
740,-0.012703285,-0.002953697,-0.009532407,3
741,0.0013361275,-0.0071907677,0.00036402047,3
742,-0.0027066022,-0.0045993216,-0.0028354004,3
743,0.005675301,-0.008060139,0.0023950636,3
744,0.0059372485,-0.009417471,0.0032413825,3
745,-0.012482315,-0.0037656166,-0.009398669,3
746,-0.007987827,-0.003423009,-0.0062433705,3
748,-0.014756486,-0.0029352494,-0.008928068,3
749,-0.007804543,-0.0009659156,-0.0066729262,3
750,-0.0043649226,-0.0039696433,-0.0021927059,3
751,0.0021783412,-0.0075923316,-0.00018385053,3
752,-0.012283623,0.002606038,-0.008203171,3
753,0.004270628,-0.0101589225,0.0031431466,3
754,0.00124152,-0.010282841,0.0013917536,3
755,-0.012048185,-0.0046162494,-0.00904125,3
757,-0.009556875,-0.0054329745,-0.00751061,3
758,-0.010308027,-0.005034674,-0.008217685,3
760,-0.010312751,-0.0020286888,-0.006587401,3
763,-0.011726245,-0.002849482,-0.00796067,3
765,-0.005151674,-0.0061291046,-0.0031252727,3
766,-0.018529177,-0.0010350943,-0.011605322,3
768,0.0073690265,-0.0067432784,0.0026429594,3
769,-0.011697009,-0.0024714954,-0.008905686,3
772,-0.017175943,0.00017472357,-0.011427566,3
773,-0.0094011575,-0.00097031146,-0.006685391,3
774,-0.012221977,-0.0019097738,-0.007919595,3
775,-0.0013939887,-0.00718363,-0.0008625835,3
776,0.0052414984,-0.009253111,0.0024424493,3
777,-0.010701388,-0.0037700273,-0.006828919,3
778,-0.01704666,-9.391084e-05,-0.010551646,3
780,-0.0069990456,-0.006398428,-0.0058722273,3
781,-0.012332723,-0.0036935173,-0.009120785,3
783,-0.014561817,-0.0007262975,-0.0091897175,3
784,-0.012910545,0.002317544,-0.008841999,3
785,0.0022396743,-0.007770229,-0.0005976856,3
787,-0.012851834,0.0018629283,-0.008443274,3
789,-0.010866523,-0.0029565506,-0.0075903535,3
790,-0.0033996701,-0.0018330626,-0.004033126,3
791,-0.011370465,-0.00069283694,-0.0067982897,3
796,-0.0038044453,-0.0062756874,-0.0020578057,3
798,-0.0107961,0.00042485818,-0.0067884997,3
799,-0.0015333295,-0.0024471246,-0.00201229,3
800,0.005233437,-0.009805147,0.0025850758,3
801,-0.009863734,-0.00012949109,-0.0076050833,3
802,-0.014377147,0.0016971491,-0.008513123,3
804,-0.0116999,0.0008344613,-0.0073515996,3
805,-0.014095783,0.0026298799,-0.009292521,3
806,0.0032229424,-0.0074122883,0.00014745444,3
808,0.0021844953,-0.009267483,0.0013440698,3
809,-0.004674703,-0.00046229362,-0.005373709,3
811,-0.0051948726,0.0017084964,-0.005236417,3
812,-0.016390473,-0.00010699034,-0.0113120675,3
813,-0.012318119,0.0029687472,-0.008684702,3
814,0.004146397,-0.00694542,0.0018643811,3
815,-0.008588418,-0.0007720515,-0.0064814016,3
816,0.0047360063,-0.007161472,0.00026310235,3
818,-0.005660191,-0.007198166,-0.0032061413,3
819,-0.008967474,-0.0008747019,-0.005852483,3
820,-0.00055241585,-0.0042435415,-0.002413191,3
821,-0.016856194,-0.000782609,-0.010514967,3
823,-0.0028467476,-0.00647169,-0.0015965253,3
824,-0.014403999,-0.0023349188,-0.010916583,3
825,-0.00068464875,-0.008202415,-0.0025866851,3
826,-0.01175192,-0.0018023513,-0.006787263,3
827,-0.011397973,-0.00032252818,-0.008887023,3
828,0.0018924475,-0.005318586,-0.0016080141,3
829,0.005507961,-0.009326767,0.001720801,3
830,-0.015637025,0.0010821968,-0.010312311,3
831,-0.010538697,-0.0010365285,-0.00814043,3
832,-0.012237325,-0.00076590106,-0.010230109,3
833,-0.016971901,-0.0020217076,-0.01103466,3
834,-0.011854976,-0.0020186007,-0.010051914,3
836,-0.017369866,6.330386e-05,-0.010219246,3
837,-0.0046756566,-0.0049715526,-0.005697727,3
838,-0.015398204,0.0021968782,-0.009168424,3
839,0.0017214417,-0.00524335,-0.002647847,3
840,-0.00875178,0.0027402416,-0.00629659,3
841,-0.013847306,7.0963055e-05,-0.009252809,3
842,-0.00025995076,-0.005707804,-0.0010011643,3
843,0.0030282736,-0.0055407546,-0.0007820204,3
844,0.0023124516,-0.005594339,-0.00017664582,3
845,-0.009289041,-0.0027185455,-0.0071423575,3
846,-0.008849919,-0.00079904497,-0.006689556,3
848,-0.013197213,-0.0013549328,-0.009418137,3
849,-0.014939919,-0.0009138696,-0.010324515,3
850,-0.013463736,-0.0011409186,-0.0100048855,3
851,-0.015232533,-0.00012798607,-0.009533666,3
852,-0.011905298,-0.0033766665,-0.007501766,3
853,-0.00012566149,-0.00095773116,-0.0033969656,3
854,0.004732445,-0.0037611015,-0.0003738925,3
855,-0.014643952,0.0005038716,-0.008297645,3
858,-0.012783319,-0.0015041307,-0.008584917,3
860,0.0055600554,-0.006746445,0.00084707886,3
861,0.0023647249,-0.00806446,-0.0009954125,3
862,-0.010752618,0.0004960634,-0.0083709955,3
863,0.0030335188,-0.007496383,-0.00024852157,3
865,-0.0048369616,-0.0053867362,-0.002864048,3
866,-0.009916902,-0.0025868788,-0.008626856,3
868,-4.2885542e-05,-0.0058754124,-0.002366513,3
869,1.8402934e-05,-0.009488609,-0.0024658367,3
870,-0.01551789,-0.0018326156,-0.010085858,3
872,-0.014016017,0.0013826825,-0.00966987,3
873,-0.0070889294,0.0003522411,-0.004906617,3
874,-0.007489845,0.000928469,-0.006199695,3
875,0.0048847944,-0.008290943,0.0025629327,3
876,0.00069209933,-0.00815035,0.0012636781,3
877,-0.011572659,-0.0013960004,-0.0077328905,3
879,-0.015113518,-0.0016703531,-0.011298932,3
881,-0.0020109415,-0.0076060705,-0.003765218,3
883,0.0047598183,-0.007984821,0.00034653395,3
884,-0.015597746,-0.003373284,-0.009321876,3
885,0.006792754,-0.0066308267,0.0021539852,3
886,-0.007012829,-0.0018524602,-0.0060742795,3
887,-0.0010875314,-0.0044389553,-0.0024261475,3
888,-0.002826944,-0.0061911233,-0.0019447505,3
889,-0.0072895885,-0.0011990964,-0.007109463,3
890,-0.0040096194,-0.006558541,-0.0024268627,3
891,0.0017637163,-0.0055784993,-0.00066402555,3
892,-0.010491788,-0.0012277849,-0.006075904,3
895,0.0001694709,-0.0075544827,-0.0017013773,3
897,0.0046625286,-0.0071964003,0.0014567152,3
898,2.9370189e-05,-0.008813862,-0.00095859915,3
899,0.0025695115,-0.008632068,0.0009908676,3
903,-0.012717739,-0.0025790036,-0.007392198,3
904,-0.009120107,-0.00079995766,-0.007303886,3
905,0.0033272505,-0.00841869,0.0011262819,3
906,-0.014582753,-0.002999466,-0.009868167,3
909,-0.015075073,-0.0014676899,-0.010583885,3
910,-0.009531572,-0.00037581846,-0.008769929,3
912,-0.0070708394,-0.006143313,-0.005588338,3
914,-0.0005528182,-0.009944174,6.776303e-05,3
915,-0.0055837035,0.0013404489,-0.004888788,3
916,0.0011030585,-0.008733172,-0.0005617365,3
918,-0.011061087,-0.0028311312,-0.008217357,3
919,0.0035014004,-0.0077770986,0.0020981282,3
920,-0.012040228,-0.0015019774,-0.00980337,3
921,-0.0009021014,-0.0057258345,-0.00083681196,3
922,0.001992628,-0.0066339113,-0.00089894235,3
923,-0.012798011,-0.002812948,-0.008454807,3
925,-0.00021488965,-0.0060816444,-0.0024058446,3
926,-0.01078254,-0.003691528,-0.00841818,3
927,-0.010160968,0.0012287982,-0.007590078,3
930,-0.0070272237,-0.0020641387,-0.005811222,3
931,-0.013621256,0.0017681122,-0.008647613,3
933,0.0046431273,-0.00783262,0.00038639456,3
934,0.0011919439,-0.005849097,-0.0011179,3
936,0.0021028072,-0.010106798,0.0003363043,3
937,0.0031357408,-0.0074529983,0.0014511272,3
938,-0.014135316,-0.0028750785,-0.010658033,3
939,0.003966987,-0.010241453,0.0016107038,3
941,-0.013386846,-0.005320277,-0.0094601065,3
942,-0.012621522,-0.0012671798,-0.008062631,3
1,0.001954496,-0.007812779,6.8202615e-05,3
10,0.0029770434,-0.010294933,0.00032150745,3
13,-0.0010851026,-0.007658448,-0.00047390163,3
14,0.00030443072,-0.008516688,-0.0007315725,3
16,-0.0024757832,-0.009221446,-0.0013903156,3
20,-0.0018342733,-0.008873951,-0.0013316646,3
25,0.0020623505,-0.010156874,0.00045303255,3
27,-0.0056193173,-0.0068442784,-0.0027568713,3
31,-0.006432295,-0.0054131635,-0.0031701773,3
35,-0.00413318,-0.00474241,-0.0039020553,3
37,-0.0056501925,-0.004660804,-0.0028568134,3
38,-0.003077522,-0.0057051666,-0.0032887459,3
39,0.0043765157,-0.009858642,0.0014555603,3
42,-0.0046043843,-0.008950796,-0.0024991333,3
48,-0.0048312396,-0.008058865,-0.0032268092,3
52,-0.0038249195,-0.007894848,-0.002688244,3
54,0.000549376,-0.010827225,0.0002592504,3
55,-0.006381348,-0.007861894,-0.0025444105,3
57,-0.006505251,-0.006897833,-0.004298538,3
58,-0.004859984,-0.005403351,-0.0029030666,3
59,-0.0018045306,-0.0072708987,-0.002048701,3
62,-0.0017171949,-0.0075367577,-0.00039717555,3
65,-0.003711775,-0.0055893175,-0.004555352,3
68,-0.0078455955,-0.0069577433,-0.004108712,3
69,-0.003822416,-0.008224685,-0.0025560483,3
74,0.00016711652,-0.010047223,-4.2922795e-05,3
82,-0.0049088895,-0.0054859333,-0.0024706349,3
89,-0.0020987093,-0.0069033764,-0.0020897985,3
90,-0.008597821,-0.005321678,-0.0042743385,3
95,-0.0050338656,-0.005883705,-0.0028406978,3
98,-0.001948446,-0.008221213,-0.0024439618,3
109,-0.0007956475,-0.008765604,-0.0010359064,3
111,-0.0019538403,-0.004682865,-0.002833359,3
120,0.0035949647,-0.0100350715,0.0008651465,3
136,-0.002090171,-0.006456461,-0.002698034,3
152,-9.523332e-05,-0.008330923,-0.0014504194,3
155,-0.0008094162,-0.007971752,-0.00049682707,3
180,-0.00018076599,-0.0103446655,-0.00028702617,3
184,-0.00257729,-0.007266555,-0.00027897954,3
187,0.001397565,-0.009574685,-0.00031807274,3
199,0.005441472,-0.008580778,0.0013666525,3
202,-0.007026896,-0.007074315,-0.0033850372,3
205,-0.0003976524,-0.007472057,-0.0014628693,3
214,0.0024176985,-0.007154394,-8.741766e-05,3
231,-0.005093381,-0.0059217103,-0.005013339,3
232,-0.0063022375,-0.008985709,-0.0030856356,3
233,-0.00611265,-0.008481506,-0.0032326877,3
241,-0.00062963367,-0.006413009,-0.0022925362,3
243,0.0013123751,-0.009860311,0.00030664355,3
246,-0.0023006648,-0.0039419346,-0.0035579205,3
249,-0.0051270872,-0.007261377,-0.0027283952,3
254,-0.0011598617,-0.010313574,-0.0017032772,3
255,-0.0036210716,-0.006800849,-0.0024266317,3
261,-0.004228458,-0.004018057,-0.0040290877,3
264,0.0015502125,-0.011418078,0.0006237179,3
268,-0.0034001768,-0.009336423,-0.0018447116,3
271,-0.001559183,-0.008110028,-0.00046729296,3
281,-0.0022158474,-0.00632501,-0.0014537424,3
282,0.0028015077,-0.010722835,0.0005018711,3
285,-0.00017890334,-0.009704817,-0.00063058734,3
286,-0.008064434,-0.0064912774,-0.004552372,3
287,-0.004085675,-0.0074531473,-0.0021442845,3
294,-0.00053451955,-0.010270949,-0.000936009,3
295,-0.0014669001,-0.00979479,-0.00053372234,3
308,0.002263546,-0.008860271,0.00044164062,3
309,-0.00024236739,-0.006230507,-0.0004444793,3
310,0.00421454,-0.010842364,0.0015039146,3
312,0.00200288,-0.012543555,0.0013749301,3
314,-0.005652696,-0.0076708756,-0.0026758313,3
316,-0.0055477917,-0.00787561,-0.0024643168,3
317,0.001688391,-0.00895099,0.00014577061,3
320,0.002504021,-0.007217232,0.00037129968,3
321,-0.0053323507,-0.006858092,-0.0019002482,3
322,0.0008113533,-0.008506078,-0.00081828237,3
326,-0.0076815486,-0.007304486,-0.0035440326,3
331,-0.0037069619,-0.0074647106,-0.0034957603,3
332,0.00096298754,-0.007615935,2.0623207e-05,3
336,-0.0029117167,-0.007952105,-0.0018956885,3
338,-0.0037977397,-0.0064657666,-0.00157094,3
342,-0.003938228,-0.0074795447,-0.0017824769,3
344,-0.00394468,-0.007342238,-0.0025861487,3
346,-0.0031497627,-0.005338121,-0.0023850128,3
349,-0.001726374,-0.009460654,-0.0018211156,3
354,0.0041847825,-0.006597895,0.00011458248,3
366,-0.0064377934,-0.0072616674,-0.0030011907,3
371,-0.0032614768,-0.007997859,-0.0019729808,3
373,-0.003884688,-0.0065631755,-0.0024860352,3
374,-0.005517319,-0.0057199933,-0.0028836504,3
377,-0.004758507,-0.012066159,-0.0026820228,3
378,-0.0047878623,-0.004591573,-0.0038735718,3
388,0.0027640164,-0.0060500093,-0.00033064187,3
389,-0.0053779036,-0.0076373555,-0.0031474754,3
390,-0.002257511,-0.0043899454,-0.0034001842,3
397,0.0002823174,-0.0062928237,-0.0013960376,3
401,-2.0161271e-05,-0.010637198,-0.0003209263,3
403,-0.0048932284,-0.0060618855,-0.0024819225,3
405,-0.0009685308,-0.0052579977,-0.0021456257,3
407,-0.0027194023,-0.0046845116,-0.0036173686,3
408,-0.0015954673,-0.0043559335,-0.003203936,3
409,0.0010442734,-0.009180073,-0.0012847483,3
410,-0.0045145303,-0.006955322,-0.0027356744,3
412,0.0029896498,-0.0066790245,0.0006650686,3
417,0.00016227365,-0.011142228,0.0006027669,3
418,-0.004222572,-0.00881901,-0.0024414137,3
419,-0.0035609156,-0.009710576,-0.0022498667,3
421,-0.006866455,-0.008157361,-0.0038615167,3
430,-0.007362798,-0.0076830573,-0.0040412024,3
434,0.005753532,-0.009066116,0.0016092286,3
435,-0.00097316504,-0.010267276,-0.0007567331,3
437,-0.001171872,-0.0068558417,-0.0021678805,3
445,-0.0052978247,-0.0062957816,-0.0034838915,3
446,0.0008033514,-0.0075312816,-0.00081303716,3
449,-0.0019720793,-0.010765564,-0.0010519326,3
450,-0.0027046055,-0.0085700415,-0.0014718622,3
454,-0.0034876913,-0.0066757165,-0.0014931038,3
455,7.766485e-05,-0.0073189773,-0.0015603229,3
458,0.0030334145,-0.006482426,-0.00029827654,3
462,-0.004880592,-0.004017193,-0.004403457,3
464,-0.00023640692,-0.010156069,0.0005388558,3
472,0.0028601587,-0.009228196,0.0012708977,3
474,-0.0041562766,-0.0045113154,-0.0037826002,3
475,0.005743459,-0.008604478,0.0017102659,3
477,-0.006437108,-0.0060199685,-0.0035401136,3
479,0.00083844364,-0.011533473,0.000800997,3
485,-0.0018137395,-0.007723298,-0.0013106614,3
488,0.0032083094,-0.007516999,-0.00014217943,3
489,-0.005770117,-0.0034880824,-0.004776329,3
494,-0.0067227334,-0.0061546452,-0.0034879223,3
496,0.0015450716,-0.008561339,-0.0003657043,3
500,0.003069207,-0.010011185,0.001408264,3
502,-0.003541097,-0.006473381,-0.0024369955,3
503,-0.0066875517,-0.0074600093,-0.0033733398,3
504,-0.0005829483,-0.008301478,-0.00090222806,3
506,0.00069497526,-0.010248762,-0.0010264218,3
510,-0.00536114,-0.007296454,-0.0021916255,3
512,-0.002755016,-0.006209124,-0.0012091547,3
514,-0.0032299757,-0.007172402,-0.0016978905,3
528,-0.0017050505,-0.008272346,-0.00095033646,3
529,-0.0052568167,-0.0057981126,-0.0045695156,3
532,0.0030888468,-0.010486823,0.0008587837,3
533,-0.005893439,-0.0052204616,-0.004506938,3
534,-0.0030264854,-0.00637177,-0.0024495348,3
538,-0.0033744127,-0.0059112795,-0.0016449094,3
539,-0.0043213964,-0.009739246,-0.0028189048,3
541,0.0019698888,-0.009113494,0.0004632771,3
543,0.0005583912,-0.010864455,6.771088e-05,3
551,-0.0020559728,-0.0066481717,-0.0016466454,3
556,-0.00070533156,-0.01100358,0.00049028546,3
559,0.00021229684,-0.009260189,-0.0012124851,3
560,0.0017900914,-0.01132806,0.00034543127,3
565,-0.0009214133,-0.007072661,-0.00024846196,3
567,-0.0028526932,-0.007951442,-0.0015244111,3
568,-0.0040320307,-0.008772727,-0.0016493276,3
572,-0.0025225878,-0.004636135,-0.00071644783,3
576,-8.5026026e-05,-0.008320395,-0.0009649396,3
584,-0.0029563159,-0.0023164153,-0.0043649375,3
591,0.0014736652,-0.010937829,0.0007242337,3
592,-0.0062743723,-0.0068796836,-0.0029268414,3
597,-0.00021101534,-0.007630978,-0.0011209026,3
598,-0.0040997565,-0.0060449876,-0.0029794946,3
601,0.002822563,-0.009454679,0.0005544126,3
606,-0.0016482323,-0.007757064,-0.0021378547,3
615,-0.003030464,-0.005015347,-0.0021295995,3
623,-0.0045434535,-0.0069176443,-0.002297528,3
624,-0.003181368,-0.0061882846,-0.001922451,3
628,0.00094787776,-0.009481799,8.5666776e-05,3
632,-0.001606524,-0.007911917,-0.001380749,3
637,-0.004210025,-0.0057983436,-0.0038265586,3
643,-0.004741356,-0.008063104,-0.0030176118,3
644,-0.0075019896,-0.0058817677,-0.0033330321,3
645,-0.0044522434,-0.006955851,-0.0026800707,3
646,-0.0065532625,-0.00782701,-0.0037641525,3
652,-0.0047145486,-0.0077242292,-0.0018715039,3
653,-0.0015045255,-0.009748984,-0.0014405102,3
656,-0.0040731877,-0.008165356,-0.002540782,3
657,0.0011688173,-0.0067897476,-0.00074835867,3
660,-0.002267301,-0.009493928,-0.001998201,3
662,-0.004318893,-0.0027556159,-0.003770277,3
665,-0.0030528754,-0.007240113,-0.0026229843,3
666,-0.0060660094,-0.007816013,-0.002931945,3
667,-0.0014778674,-0.008010279,-0.0012438595,3
676,-0.0021625757,-0.005315874,-0.0009600371,3
679,-0.003896013,-0.006835226,-0.0023853928,3
684,-0.008107975,-0.007025983,-0.0047250837,3
690,0.0010420531,-0.0068642907,-0.00083651394,3
692,0.00046865642,-0.003939662,-0.0018832833,3
694,-0.005229488,-0.007616792,-0.0025101528,3
696,0.00060224533,-0.012919094,0.0010994375,3
714,0.0014766753,-0.00908054,-0.00029619783,3
717,-0.0025364608,-0.009030197,-0.0023477003,3
718,-0.00083886087,-0.010211278,-0.00049340725,3
723,-0.0049221218,-0.0076892115,-0.0028797314,3
736,-0.0035074353,-0.008900855,-0.0014861375,3
738,0.0027569681,-0.0092443265,0.0005726069,3
756,0.0027586222,-0.010087173,0.0010258108,3
759,0.00017793477,-0.0068140067,-0.0004650727,3
762,0.0029391646,-0.00953966,0.0009028688,3
764,-0.0018534809,-0.009726543,-0.0008232519,3
770,-0.00067432225,-0.009236049,-0.0008638203,3
771,-0.0013402998,-0.009290192,-0.0016972274,3
782,-0.0030709505,-0.0074117966,-0.0014416352,3
786,-0.0053886324,-0.0047088526,-0.0026808158,3
792,-0.00029703975,-0.010766264,0.00045967847,3
794,-0.005441323,-0.009412397,-0.0021072477,3
795,-0.004197642,-0.00471944,-0.0044049844,3
807,-0.0016569644,-0.007842351,-0.00012658536,3
835,-0.005623281,-0.0066746287,-0.0048230365,3
857,-0.005887583,-0.008083764,-0.0025768727,3
859,0.00073491037,-0.007762458,-0.0009647235,3
864,-0.0012459457,-0.008008983,-0.001958713,3
867,0.0040323436,-0.0065316595,0.0012832507,3
871,0.001516819,-0.011793505,0.0007795617,3
878,-0.0056015104,-0.007065464,-0.0031164885,3
894,-0.003411889,-0.005748462,-0.0032613426,3
896,0.0016916543,-0.010572638,-4.9971044e-05,3
902,-0.004432529,-0.009031478,-0.0033095405,3
907,0.00059719384,-0.0071347915,-0.0009944811,3
908,0.0009483695,-0.0075670145,-0.000907138,3
911,-0.00061398745,-0.0073446743,-0.0017326921,3
917,-0.0049414635,-0.004852537,-0.0032861456,3
924,-0.0037216395,-0.0065894164,-0.003183499,3
928,-0.005275801,-0.0074748658,-0.0025929436,3
929,-0.0057469904,-0.0071105547,-0.0030581802,3
935,-0.005063072,-0.0038484298,-0.0024491027,3
940,-0.0031334758,-0.007527966,-0.0014115795,3
